onnx::Conv_1178 0.00001684 0.00146937 0.00086402 0.00000447 0.00029755 0.00001233 0.00110226 0.00007454 0.00040299 0.00089708 0.00025016 0.00000722 0.00091205 0.00000826 0.00000131 0.00001465 
onnx::Conv_1181 0.00243898 0.00015747 0.00035322 0.00810515 0.00045099 0.00266043 0.00020371 0.00297799 0.00035202 0.00022578 0.00535650 0.02873418 0.00022701 0.00837636 0.06637613 0.01580564 
onnx::Conv_1184 0.02214072 0.02008853 0.01967562 0.03333199 0.01087193 0.02518765 0.06171425 0.02572134 0.08020455 0.01895491 0.04105473 0.08279188 0.01970407 0.02297076 0.02464220 0.03712504 0.05398908 0.01837821 0.01050305 0.01289866 0.01732066 0.05627114 0.02235286 0.05840786 0.06208556 0.02246483 0.01560752 0.01415227 0.03459076 0.09829528 0.02769108 0.02472400 
onnx::Conv_1187 0.00184086 0.00365484 0.00351858 0.00166406 0.00159499 0.00182922 0.00259721 0.00297435 0.00217641 0.00309707 0.00238872 0.00332421 0.00118655 0.00287937 0.00247435 0.00135738 
onnx::Conv_1193 0.00103908 0.00085670 0.00137724 0.00110990 0.00041507 0.00085285 0.00060356 0.00059302 0.00204756 0.00098387 0.00110781 0.00758400 0.00033493 0.00316953 0.00072195 0.00070894 
onnx::Conv_1196 0.37454477 0.30659181 0.22956298 0.12641929 0.56198078 0.40363914 0.19059329 0.24400821 0.09439653 0.19809708 0.10619494 0.06268877 0.43686643 0.05991747 0.20700285 0.51187742 
onnx::Conv_1199 0.00362825 0.00369709 0.00521114 0.00189496 0.00313078 0.00459234 0.00279591 0.00270459 0.00296673 0.00146361 0.00262321 0.00092808 0.01244426 0.00282449 0.00436693 0.00187021 
onnx::Conv_1190 0.00356941 0.00443571 0.00464140 0.00467568 0.00284452 0.00472765 0.00432795 0.00216135 0.00575282 0.00430618 0.00761200 0.00313140 0.00546992 0.00682962 0.00332502 0.00334296 
onnx::Conv_1202 0.00077601 0.00198995 0.00144905 0.00049283 0.00031756 0.00166571 0.00041181 0.00259666 0.00030392 0.00024795 0.00507843 0.00034299 0.00214901 0.00178024 0.00245061 0.00020357 0.00111130 0.00015169 0.00044392 0.00027621 0.00049653 0.00515986 0.00053545 0.00019865 0.00184509 0.00490778 0.00055188 0.00185896 0.00186869 0.00029998 0.00130583 0.00027045 
onnx::Conv_1205 0.01935449 0.00869626 0.03209483 0.03210785 0.07289786 0.00382045 0.04640312 0.00224704 0.07093584 0.05363480 0.00118745 0.09480004 0.00290142 0.00207519 0.00192138 0.02776428 0.03355107 0.08925065 0.02612177 0.05786803 0.01879205 0.00131586 0.01722038 0.12305712 0.00336963 0.00161312 0.02661370 0.00772769 0.00423410 0.04421562 0.00419208 0.04393724 
onnx::Conv_1208 0.01318571 0.00518796 0.00531201 0.00596467 0.00922138 0.00612202 0.01047187 0.00964393 0.00515431 0.00995996 0.00799661 0.00553094 0.01229130 0.00589219 0.00512542 0.00915326 0.00830994 0.00488810 0.00848826 0.01799714 0.00464002 0.00872442 0.00831247 0.01102416 0.01579043 0.00728155 0.00958858 0.00896738 0.00876949 0.00161082 0.00652476 0.00890675 0.00498061 0.00673023 0.00976042 0.00542175 0.01095473 0.00783334 0.00516885 0.01290352 0.00853167 0.00984269 0.00701865 0.00475417 0.01599476 0.00611775 0.01137642 0.01000916 0.00434015 0.00825349 0.00879712 0.00765467 0.00794866 0.00513009 0.00427967 0.00260144 0.00828025 0.00656189 0.01095340 0.00989522 0.00583387 0.00544103 0.00614888 0.00908877 
onnx::Conv_1211 0.00150598 0.00124388 0.00089253 0.00293163 0.00145742 0.00188723 0.00187833 0.00118148 0.00086969 0.00340307 0.00262924 0.00114125 0.00311260 0.00172347 0.00162772 0.00182129 0.00097488 0.00125368 0.00091364 0.00113662 0.00139072 0.00141860 0.00192559 0.00173933 0.00178317 0.00083981 0.00132565 0.00170314 0.00116133 0.00093371 0.00251454 0.00135811 
onnx::Conv_1217 0.00368357 0.00059587 0.00206016 0.00085827 0.00452207 0.00363301 0.00193239 0.00483272 0.00115368 0.00123570 0.00586036 0.00485373 0.00130004 0.00190750 0.00070699 0.00726127 0.00369307 0.00129456 0.00179361 0.00160038 0.00201863 0.00344525 0.00102451 0.00220066 0.00075262 0.00217984 0.00178856 0.00235590 0.00318816 0.00403132 0.00155767 0.00096815 
onnx::Conv_1220 0.02462523 0.11527690 0.01837678 0.08691257 0.02370228 0.00763677 0.02473848 0.00542960 0.06696083 0.01872602 0.00724179 0.00681209 0.01376090 0.00834012 0.17241904 0.00340788 0.01403248 0.05800854 0.02107660 0.03755522 0.02216849 0.00913123 0.06491946 0.03857427 0.04066808 0.03105202 0.04284542 0.04950930 0.01093640 0.00662865 0.03990887 0.03703282 
onnx::Conv_1223 0.00428260 0.00209216 0.00370511 0.00506612 0.00389681 0.00329288 0.00603034 0.00533536 0.00883203 0.00220010 0.00503316 0.00412538 0.00261159 0.00292868 0.00273126 0.00322402 0.00343183 0.00498483 0.00352132 0.00307139 0.00489171 0.00253032 0.00287389 0.00237901 0.00278453 0.00467094 0.00638825 0.00465203 0.00394574 0.00332277 0.00477116 0.00414109 
onnx::Conv_1226 0.00101963 0.00089700 0.00093158 0.00089427 0.00768261 0.00284941 0.00324178 0.00072116 0.00375714 0.00076626 0.00080614 0.00098371 0.00114333 0.00306497 0.00264288 0.00373056 0.00825795 0.00358238 0.00088053 0.00457713 0.00090898 0.00093754 0.00125536 0.00195873 0.00082444 0.00318215 0.00116857 0.00060447 0.00073437 0.00146761 0.00151046 0.00297588 
onnx::Conv_1229 0.05231167 0.07697519 0.02799949 0.03345601 0.00219142 0.00271279 0.00456559 0.01542992 0.00889916 0.03740507 0.03861988 0.02427668 0.05150527 0.00253727 0.00458018 0.00449046 0.00343903 0.00365752 0.01876444 0.00691648 0.04051226 0.06778966 0.06872667 0.01169703 0.07048539 0.00615827 0.01297201 0.05258913 0.03173609 0.03908125 0.01132864 0.00888691 
onnx::Conv_1232 0.00444422 0.00387526 0.00374806 0.00622096 0.00404941 0.00532200 0.00652839 0.00434929 0.00397205 0.00413281 0.00383777 0.00340544 0.00611602 0.00379060 0.00453754 0.00383055 0.00254484 0.00588088 0.00285307 0.00353722 0.00809634 0.00592547 0.00319438 0.00674240 0.00453524 0.00231949 0.00267839 0.00421627 0.00386303 0.00589568 0.00781228 0.00384355 
onnx::Conv_1235 0.00092424 0.00378815 0.00112711 0.00108208 0.00306808 0.00181732 0.00096210 0.00172021 0.00224079 0.00249071 0.00211223 0.00294912 0.00061451 0.00083150 0.00056524 0.00208437 0.00264163 0.00279791 0.00283316 0.00060241 0.00339461 0.00082918 0.00133439 0.00252877 0.00091706 0.00113947 0.00243169 0.00141077 0.00337729 0.00457638 0.00067839 0.00347817 
onnx::Conv_1238 0.00796123 0.00280194 0.01425199 0.00951267 0.00210132 0.00622398 0.01453422 0.00547180 0.00364453 0.00499291 0.00766048 0.00192531 0.02920253 0.01014627 0.02033059 0.00293675 0.00472695 0.00435677 0.00483521 0.03604385 0.00351147 0.04201400 0.01192981 0.01409309 0.02804956 0.02914600 0.00687091 0.00446292 0.00208696 0.00204775 0.02223831 0.00229944 
onnx::Conv_1241 0.00835717 0.00864924 0.00920341 0.00928117 0.01019929 0.00751412 0.01061772 0.00508229 0.00647789 0.00765084 0.00366294 0.00374886 0.00668936 0.00829526 0.00532260 0.00405246 0.00446308 0.00978667 0.00501395 0.00792926 0.00566006 0.00554315 0.00536764 0.00472648 0.00223127 0.00410287 0.00153832 0.00504469 0.00387310 0.00693419 0.00628501 0.00798982 
onnx::Conv_1214 0.00248286 0.00441144 0.00368560 0.00267224 0.00499774 0.00326367 0.00281871 0.00448328 0.00363134 0.00239155 0.00413802 0.00682568 0.00689084 0.00477937 0.00312125 0.00336865 0.00674941 0.00276974 0.00507700 0.00243359 0.00277841 0.00256923 0.00520319 0.00252421 0.00326405 0.00290573 0.00364724 0.00362759 0.00276849 0.00387034 0.00246105 0.00353154 
onnx::Conv_1244 0.00194111 0.00230997 0.00227361 0.00091637 0.00231872 0.00192913 0.00254716 0.00209497 0.00135302 0.00205879 0.00167499 0.00118137 0.00262191 0.00183669 0.00328725 0.00137537 0.00146371 0.00243888 0.00111907 0.00130362 0.00194515 0.00135175 0.00170668 0.00188722 0.00291108 0.00072551 0.00237046 0.00266118 0.00255031 0.00178480 0.00167452 0.00114933 0.00148859 0.00149283 0.00254195 0.00171253 0.00217961 0.00241049 0.00103800 0.00180979 0.00226145 0.00178684 0.00091478 0.00186961 0.00110835 0.00134910 0.00167529 0.00203123 0.00220138 0.00252244 0.00073464 0.00127899 0.00152047 0.00207299 0.00189086 0.00194591 0.00192215 0.00194972 0.00346730 0.00186011 0.00145523 0.00191380 0.00138456 0.00223225 
onnx::Conv_1247 0.00295633 0.00534585 0.00342002 0.00468804 0.00476445 0.00953289 0.00442641 0.00362948 0.00796395 0.00861885 0.00472758 0.00215728 0.00257196 0.00324575 0.00336675 0.00384474 0.00334949 0.00164489 0.00334992 0.00306437 0.00861047 0.00261118 0.00335315 0.00434015 0.00266568 0.00368110 0.00599835 0.00233831 0.00287608 0.00463086 0.00314187 0.00482298 0.00469410 0.00322496 0.00599100 0.00209797 0.00257801 0.00526027 0.01052259 0.00409223 0.00323882 0.00272293 0.00344420 0.00464771 0.00232939 0.00431731 0.00359647 0.00812841 0.00363852 0.00520794 0.00286633 0.00337910 0.00271218 0.00383954 0.00664934 0.00902697 0.00498403 0.00343339 0.00396096 0.00394184 0.00221014 0.00229315 0.00400424 0.00261340 
onnx::Conv_1250 0.00468705 0.00428924 0.00339176 0.00362156 0.00408912 0.00591211 0.00311702 0.00417993 0.00728114 0.00538703 0.00798111 0.00732574 0.00660306 0.00730081 0.00438304 0.00554720 0.00806304 0.01052916 0.00574020 0.00546186 0.00624947 0.00333038 0.01059279 0.00814885 0.00759302 0.00488842 0.00535941 0.00656371 0.00792095 0.00247652 0.00454290 0.00673401 0.00507228 0.00746577 0.00983343 0.00352822 0.00329160 0.00567833 0.01079031 0.00974966 0.00702761 0.00488638 0.00716560 0.00589337 0.00391491 0.00686978 0.00464569 0.00709462 0.00861290 0.00542753 0.01493425 0.00409623 0.00708052 0.00400431 0.00449642 0.00507993 0.00630479 0.00507850 0.00588385 0.00373627 0.00656502 0.00752597 0.00446929 0.00519460 0.00432994 0.01348618 0.00723572 0.00933795 0.00665804 0.01125423 0.00526575 0.00873919 0.00734503 0.00698911 0.00705841 0.01102003 0.00642474 0.00422200 0.00388127 0.00453996 0.00567235 0.00617451 0.00519451 0.00909079 0.00493879 0.00717502 0.00523985 0.00595555 0.00653957 0.00421441 0.00798722 0.00744700 0.00447077 0.00605435 0.01078539 0.00321477 0.00445851 0.00498472 0.01120363 0.00468009 0.00603728 0.00732688 0.00344516 0.00700935 0.00431121 0.00970314 0.00447114 0.00381706 0.00436852 0.00721260 0.00354711 0.00993180 0.00754401 0.00617335 0.00491466 0.00541498 0.01734192 0.00600554 0.00789821 0.00413020 0.00602123 0.00651305 0.00426451 0.01008434 0.00503393 0.00629235 0.00922329 0.00323840 
onnx::Conv_1253 0.00299766 0.00092944 0.00069676 0.00073980 0.00123527 0.00183026 0.00142881 0.00158380 0.00175256 0.00071719 0.00126421 0.00188755 0.00177476 0.00140987 0.00089536 0.00146285 0.00203361 0.00238214 0.00092197 0.00098504 0.00072406 0.00121241 0.00137188 0.00315490 0.00204053 0.00088636 0.00092202 0.00084298 0.00058618 0.00090721 0.00194779 0.00073102 0.00136199 0.00068731 0.00088026 0.00068286 0.00100912 0.00074904 0.00099059 0.00082774 0.00117801 0.00090196 0.00169513 0.00093155 0.00144327 0.00192195 0.00129789 0.00201283 0.00183049 0.00178244 0.00055917 0.00077774 0.00066213 0.00171317 0.00130932 0.00117300 0.00086132 0.00080864 0.00101993 0.00153370 0.00066175 0.00106255 0.00142614 0.00126346 
onnx::Conv_1259 0.00130441 0.00164188 0.00225645 0.00169396 0.00148581 0.00173142 0.00162864 0.00339267 0.00254172 0.00181216 0.00169398 0.00737556 0.00718097 0.00121137 0.00158825 0.00266810 0.00609257 0.00136190 0.00406015 0.00226135 0.00129470 0.00149739 0.00185080 0.00123751 0.00164916 0.00291368 0.00122145 0.00199683 0.00312869 0.00160742 0.00092596 0.00563291 0.00145855 0.00108576 0.00911973 0.00174697 0.01742786 0.00228676 0.01083663 0.00573621 0.00847201 0.00133657 0.00294472 0.00106991 0.00767053 0.00191323 0.00253028 0.00154089 0.00307809 0.00107802 0.00403697 0.00144318 0.00413500 0.00095345 0.00432323 0.00185450 0.00227305 0.00107689 0.00257671 0.00153066 0.00285700 0.00123634 0.00759367 0.00341616 
onnx::Conv_1262 0.04580902 0.05040811 0.03780442 0.02021972 0.06543691 0.02188152 0.06867255 0.00555492 0.00469735 0.02362154 0.03624521 0.00709245 0.00581405 0.06052001 0.08588327 0.01690884 0.00887905 0.02817933 0.00827064 0.07860025 0.04188260 0.05007962 0.02114953 0.09425022 0.07615088 0.00929616 0.06139056 0.02503863 0.01646726 0.01995143 0.03772760 0.00363319 0.02978634 0.10871881 0.00129992 0.06399218 0.00934449 0.03262003 0.00336107 0.00463091 0.00666043 0.06751803 0.01116685 0.04742370 0.00491106 0.03300333 0.02061621 0.06317308 0.00729855 0.07780102 0.00780354 0.03929394 0.00664856 0.05764996 0.01221561 0.07150818 0.01930291 0.07817701 0.01234732 0.02956221 0.00828824 0.06182339 0.00211999 0.00797881 
onnx::Conv_1265 0.00346281 0.00255273 0.00337770 0.00281581 0.00285704 0.00443520 0.00134530 0.00185373 0.00253709 0.00089491 0.00187097 0.00250243 0.00487948 0.00356392 0.00277926 0.00209729 0.00264298 0.00206711 0.00130858 0.00176177 0.00231455 0.00291820 0.00158212 0.00261451 0.00136746 0.00203988 0.00145234 0.00218629 0.00121768 0.00121201 0.00323116 0.00207362 0.00142703 0.00465632 0.00305862 0.00100880 0.00184050 0.00237594 0.00176706 0.00218245 0.00268415 0.00242828 0.00373557 0.00401794 0.00496624 0.00516071 0.00171716 0.00300384 0.00428871 0.00283430 0.00341773 0.00194979 0.00147374 0.00197274 0.00245645 0.00250958 0.00293021 0.00274858 0.00131842 0.00243829 0.00278986 0.00171791 0.00391353 0.00271450 
onnx::Conv_1268 0.00145423 0.00354446 0.00615564 0.00822858 0.00138116 0.00582030 0.00103531 0.00135659 0.00212924 0.00794318 0.00145020 0.00498049 0.00138343 0.00385815 0.00633633 0.00310413 0.00389066 0.00118305 0.00085467 0.00267200 0.00208828 0.00615782 0.00824188 0.00461307 0.00173081 0.00128589 0.00474884 0.00477781 0.00711551 0.00364050 0.00555696 0.00503253 0.00287622 0.00519379 0.00227072 0.00634680 0.00820046 0.00508732 0.00116835 0.00075345 0.00141527 0.00661079 0.00376495 0.00781205 0.00766902 0.00679980 0.00304236 0.00147757 0.00525659 0.00304188 0.00382579 0.00251345 0.00093070 0.00536362 0.00286014 0.00340059 0.00121261 0.00081416 0.00746621 0.00372312 0.00391890 0.00390064 0.00459013 0.00389706 
onnx::Conv_1271 0.01470753 0.00499691 0.00707320 0.00276934 0.01937687 0.00299249 0.02054575 0.02027842 0.01178236 0.00276883 0.01899684 0.00289083 0.02792440 0.01348612 0.00389529 0.01088224 0.00528024 0.01934057 0.13491073 0.01070136 0.01567142 0.00369853 0.00269409 0.00474830 0.02272520 0.02276068 0.00418676 0.00864843 0.00501578 0.00663711 0.00728654 0.00714815 0.01210610 0.00215344 0.01495617 0.00210513 0.00258641 0.00401814 0.03672009 0.14321975 0.02549438 0.00471791 0.00338633 0.00352854 0.00377731 0.00582936 0.01208630 0.01634308 0.00551956 0.01217820 0.00784713 0.00919997 0.02454974 0.00488300 0.00752299 0.00585396 0.02720329 0.02980086 0.00313867 0.00448247 0.00420952 0.00480292 0.00717805 0.00346474 
onnx::Conv_1274 0.00311823 0.00367470 0.00596475 0.00498704 0.00205337 0.00684916 0.00257519 0.00281883 0.00770448 0.00357321 0.00292763 0.00419031 0.00658329 0.00534245 0.00289421 0.00438083 0.00359725 0.00514552 0.00369825 0.00661142 0.00232243 0.00347982 0.00422812 0.00629605 0.00457424 0.00877435 0.00347939 0.00218557 0.00266721 0.00481168 0.00489508 0.00316584 0.00349714 0.00245332 0.00233836 0.00524811 0.00372496 0.00436796 0.00202814 0.00169816 0.00436574 0.00140667 0.00440356 0.00479236 0.00230740 0.00361076 0.00893580 0.01088617 0.00644252 0.00490898 0.00196671 0.00266959 0.00240017 0.00227474 0.00478118 0.00308067 0.00561751 0.00612776 0.00352087 0.00358882 0.00208764 0.00150676 0.00631805 0.00383852 
onnx::Conv_1277 0.00339964 0.00452896 0.00157804 0.00590216 0.00139660 0.00328984 0.00384517 0.00119855 0.00155384 0.00732266 0.00322012 0.00512806 0.00096233 0.00375438 0.00269059 0.00359782 0.00188011 0.00170911 0.00540241 0.00426071 0.00403011 0.00203312 0.00448366 0.00244822 0.00425615 0.00281638 0.00084356 0.00116367 0.00420774 0.00574911 0.00270965 0.00224379 0.00327856 0.00347450 0.00342439 0.00192999 0.00375504 0.00298061 0.00104638 0.00366943 0.00487073 0.00382894 0.00340411 0.00394652 0.00455197 0.00415920 0.00369567 0.00104173 0.00076909 0.00049943 0.00400526 0.00114522 0.00297797 0.00292139 0.00268154 0.00158310 0.00340715 0.00067280 0.00203807 0.00270196 0.00216240 0.00251290 0.00062141 0.00472858 
onnx::Conv_1280 0.00409241 0.00264764 0.01054398 0.00243413 0.00865122 0.00402392 0.00477539 0.01100910 0.00601101 0.00336530 0.00310112 0.00222413 0.00940599 0.00581718 0.00324357 0.00221942 0.00566351 0.00825793 0.00423181 0.00410542 0.00411859 0.00378705 0.00291958 0.00529122 0.00264884 0.00284160 0.03452660 0.01424947 0.00252696 0.00344147 0.00583814 0.00567069 0.00445890 0.00332773 0.00430370 0.00707438 0.00346541 0.00626133 0.01842193 0.00650234 0.00274013 0.00418270 0.00650988 0.00213318 0.00208510 0.00310160 0.00349126 0.01708954 0.01757850 0.01203002 0.00251142 0.01551755 0.00672992 0.00703181 0.00511729 0.00751574 0.00307979 0.00868969 0.01060454 0.00303835 0.00312000 0.00411348 0.02405726 0.00250414 
onnx::Conv_1283 0.00489707 0.00281874 0.00668773 0.00556386 0.00351274 0.00428397 0.00351864 0.00738368 0.00757110 0.00429666 0.00871532 0.00901475 0.00523419 0.00410117 0.00391887 0.00542045 0.00989941 0.01125007 0.00339876 0.00503374 0.00526085 0.00455137 0.00440840 0.01342206 0.00353381 0.01321554 0.00413641 0.00485685 0.00465163 0.01507737 0.00555832 0.00559827 0.00450427 0.00447247 0.00345233 0.00536784 0.00553074 0.00400397 0.00587154 0.00338025 0.00505975 0.00424080 0.00597707 0.00528452 0.00395251 0.00495640 0.00656494 0.01381918 0.00433578 0.00537185 0.01772664 0.00535101 0.00295494 0.00485602 0.00570691 0.00532665 0.00510583 0.00385938 0.00502590 0.00341464 0.00496772 0.00416186 0.02078569 0.00447093 
onnx::Conv_1256 0.00207982 0.00217208 0.00313065 0.00349479 0.00318749 0.00209684 0.00220660 0.00276740 0.00242449 0.00262331 0.00444689 0.00321822 0.00243891 0.00446331 0.00294287 0.00411697 0.00249410 0.00250775 0.00242239 0.00220287 0.00279679 0.00443268 0.00342015 0.00266675 0.00278002 0.00333488 0.00260842 0.00368363 0.00242454 0.00228891 0.00517424 0.00269091 0.00187560 0.00380636 0.00335728 0.00273378 0.00227304 0.00266620 0.00465069 0.00576639 0.00221602 0.00401416 0.00316011 0.00215621 0.00221471 0.00240535 0.00332368 0.00327388 0.00389652 0.00370486 0.00400641 0.00266291 0.00193267 0.00391631 0.00419309 0.00399299 0.00243753 0.00412491 0.00224194 0.00248102 0.00368043 0.00538672 0.00266716 0.00333141 
onnx::Conv_1286 0.00220721 0.00220957 0.00135553 0.00134298 0.00264573 0.00182783 0.00186340 0.00110288 0.00163735 0.00320403 0.00128091 0.00187179 0.00143780 0.00307614 0.00307990 0.00168708 0.00143118 0.00182896 0.00147530 0.00196915 0.00138152 0.00140889 0.00142747 0.00384292 0.00202875 0.00258160 0.00230752 0.00169899 0.00172645 0.00149368 0.00127855 0.00125176 0.00162196 0.00124778 0.00205892 0.00224570 0.00151307 0.00139841 0.00176677 0.00142786 0.00162852 0.00213815 0.00210059 0.00120762 0.00124636 0.00199905 0.00152399 0.00149697 0.00137109 0.00217404 0.00165492 0.00161877 0.00223438 0.00176069 0.00198751 0.00124541 0.00214472 0.00220424 0.00291523 0.00190575 0.00108055 0.00186588 0.00143848 0.00143054 0.00112689 0.00281410 0.00198444 0.00170103 0.00191071 0.00138741 0.00122988 0.00130121 0.00197090 0.00168759 0.00161370 0.00164477 0.00149378 0.00102667 0.00179603 0.00188129 0.00102265 0.00180075 0.00191733 0.00193855 0.00173007 0.00106574 0.00223712 0.00152865 0.00145572 0.00200347 0.00087451 0.00166477 0.00155891 0.00249471 0.00216778 0.00178137 0.00178060 0.00215810 0.00291555 0.00187456 0.00108630 0.00144379 0.00156954 0.00141399 0.00178361 0.00180613 0.00230076 0.00113992 0.00157121 0.00121584 0.00212366 0.00168770 0.00186149 0.00110896 0.00204778 0.00207054 0.00261627 0.00162698 0.00124544 0.00236657 0.00174738 0.00162157 0.00153632 0.00178111 0.00234087 0.00210021 0.00257675 0.00282717 
onnx::Conv_1289 0.00158016 0.00234941 0.00251959 0.00172739 0.00137231 0.00248150 0.00219294 0.00394778 0.00235829 0.00383569 0.00277078 0.00312260 0.00526989 0.00242670 0.00208332 0.00195968 0.00331509 0.00152071 0.00287400 0.00338284 0.00138802 0.00644730 0.00415444 0.00315221 0.00320581 0.00215139 0.00222015 0.00299345 0.00414401 0.00444313 0.00202409 0.00410481 0.00328971 0.00146061 0.00165922 0.00184007 0.00404919 0.00634414 0.00266817 0.00200487 0.00528485 0.00257075 0.00247744 0.00301998 0.00231968 0.00278022 0.00286078 0.00523851 0.00435661 0.00204663 0.00390820 0.00272005 0.00217782 0.00139064 0.00275016 0.00191679 0.00290442 0.00460731 0.01321450 0.00225339 0.00323683 0.00489311 0.00510867 0.00232399 0.00219262 0.00352791 0.00223969 0.00246523 0.00355036 0.00129126 0.00207365 0.00388218 0.00339652 0.00406949 0.00354094 0.00329276 0.00260370 0.00202600 0.00407776 0.00299458 0.00213222 0.00207229 0.00438584 0.00213498 0.00193497 0.00219346 0.00360227 0.00297149 0.00282246 0.00218352 0.00360498 0.00315845 0.00342877 0.00344477 0.00198139 0.00447021 0.00230973 0.00263650 0.00175323 0.00327020 0.00257938 0.00710429 0.00379429 0.00224716 0.00224788 0.00226032 0.00212012 0.00249662 0.00194830 0.00253626 0.00432534 0.00393966 0.00287379 0.00176754 0.00301728 0.00186233 0.00333482 0.00177804 0.00432266 0.00339826 0.00186251 0.00293586 0.00446258 0.00454017 0.00176046 0.00251312 0.00527606 0.00375635 
onnx::Conv_1292 0.00318449 0.00516421 0.00328845 0.00723322 0.00447486 0.00477983 0.00365010 0.00401302 0.00302098 0.00505988 0.00329786 0.00439560 0.00622217 0.00460552 0.00356200 0.00421315 0.00361161 0.00357636 0.00510599 0.00415556 0.00474285 0.00363981 0.00355433 0.00621290 0.00621442 0.00535088 0.00323904 0.00476019 0.00809627 0.00435692 0.00440328 0.00408582 0.00438696 0.00383692 0.00482466 0.00405164 0.00558672 0.00535987 0.00413370 0.00267821 0.00671111 0.00450708 0.00336045 0.00457334 0.00397315 0.00456165 0.00386324 0.00595575 0.00450092 0.00550429 0.00385376 0.00537147 0.00467238 0.00418083 0.00337499 0.00533580 0.00273786 0.00380553 0.00487878 0.00393058 0.00329971 0.00322289 0.00720350 0.00457468 0.00664991 0.00349870 0.00435148 0.00385483 0.01232894 0.00574599 0.00518884 0.00382630 0.00493141 0.00402647 0.00474395 0.00638549 0.00461659 0.00608416 0.00395422 0.00477438 0.00445140 0.00570865 0.00427085 0.00349586 0.00411458 0.00416167 0.00353034 0.00443995 0.00625010 0.00419005 0.00350802 0.00787137 0.00609180 0.00433766 0.00775737 0.00330735 0.00336090 0.00342063 0.01500342 0.00294910 0.00464720 0.00337772 0.00651288 0.00282630 0.00303241 0.00404988 0.00506363 0.00570307 0.00474080 0.00438840 0.00402846 0.00422082 0.00886597 0.00333376 0.00392516 0.00299845 0.00363997 0.00383838 0.00394376 0.00351751 0.00428986 0.00455042 0.00501434 0.00406859 0.00280593 0.00412073 0.00294434 0.00423547 0.00538301 0.00358249 0.00392517 0.00436565 0.00400705 0.00234349 0.00382380 0.00320933 0.00529623 0.00341072 0.00310201 0.00641444 0.00350695 0.00465475 0.00354078 0.00304771 0.00487785 0.00261536 0.00326142 0.00455514 0.00342796 0.00511459 0.00256658 0.00449430 0.00379742 0.00411609 0.00284779 0.00737224 0.00686977 0.00433784 0.00288490 0.00351229 0.00431137 0.00329906 0.00535567 0.00746842 0.00340659 0.00316216 0.00502961 0.00496377 0.00423360 0.00477789 0.00353825 0.00427902 0.00350843 0.00371118 0.00352850 0.00443359 0.00342901 0.00843854 0.00448727 0.00568217 0.00415706 0.00299195 0.00404907 0.00529398 0.00282347 0.00325243 0.00337441 0.00811716 0.00382312 0.00389089 0.00512672 0.00357914 0.00371810 0.00439988 0.00347262 0.00378789 0.00371461 0.00383083 0.00363375 0.00329635 0.00460209 0.00398293 0.00391437 0.00460212 0.00917234 0.00652240 0.00635013 0.00580769 0.00645596 0.00365050 0.00324921 0.00292776 0.00412317 0.00339022 0.00356845 0.00358806 0.00515678 0.00452715 0.00674700 0.00457181 0.00448265 0.00428443 0.00274449 0.00301304 0.00420502 0.00865263 0.00461648 0.00414414 0.00397327 0.00355006 0.00381763 0.00591971 0.00442990 0.00471517 0.00480653 0.00382259 0.00871544 0.00368442 0.00735831 0.00370900 0.00408351 0.01081383 0.00797858 0.00315703 0.00420005 0.00342125 0.00474123 0.00490188 0.00516079 0.00443907 0.00482947 0.00352514 0.00394921 0.00434565 0.00383659 0.00410992 
onnx::Conv_1295 0.00167708 0.00191129 0.00176173 0.00261291 0.00182873 0.00220818 0.00165894 0.00244057 0.00246099 0.00172616 0.00158744 0.00201430 0.00152228 0.00267690 0.00171672 0.00146446 0.00170753 0.00202002 0.00177144 0.00183481 0.00278811 0.00142380 0.00194725 0.00358881 0.00141495 0.00164368 0.00184200 0.00156069 0.00154253 0.00152105 0.00244284 0.00234541 0.00142374 0.00161338 0.00161872 0.00301623 0.00150018 0.00205522 0.00262587 0.00191314 0.00156903 0.00145171 0.00291144 0.00118291 0.00123963 0.00142000 0.00166014 0.00209913 0.00141515 0.00210970 0.00356367 0.00245582 0.00135641 0.00160058 0.00206198 0.00121822 0.00151203 0.00207341 0.00155014 0.00203533 0.00143909 0.00356395 0.00378595 0.00213638 0.00238628 0.00285016 0.00147168 0.00182731 0.00195404 0.00387688 0.00132010 0.00154465 0.00147705 0.00197228 0.00730413 0.00139698 0.00223586 0.00142703 0.00159609 0.00138743 0.00169355 0.00129710 0.00154500 0.00147016 0.00188536 0.00148937 0.00173722 0.00187476 0.00459628 0.00154845 0.00164243 0.00256635 0.00162506 0.00260263 0.00276732 0.00135187 0.00174745 0.00199976 0.00130786 0.00196344 0.00192787 0.00145167 0.00147225 0.00169227 0.00162624 0.00216688 0.00136850 0.00151757 0.00147754 0.00115876 0.00148362 0.00140573 0.00192718 0.00211669 0.00150894 0.00136462 0.00150605 0.00196496 0.00237706 0.00196427 0.00197531 0.00134083 0.00265929 0.00180558 0.00196350 0.00157763 0.00162432 0.00132590 
onnx::Conv_1298 0.00114878 0.00071266 0.00047687 0.00108964 0.00127541 0.00075956 0.00102928 0.00101509 0.00064030 0.00158230 0.00075004 0.00110053 0.00379746 0.00052040 0.00148299 0.00095597 0.00229790 0.00060288 0.00065485 0.00103538 0.00095752 0.00075823 0.00087387 0.00086995 0.00086953 0.00077634 0.00076481 0.00159921 0.00165934 0.00062077 0.00077619 0.00042351 0.00105127 0.00061889 0.00074255 0.00160073 0.00047561 0.00096420 0.00044065 0.00147526 0.00090372 0.00108222 0.00116737 0.00051474 0.00072655 0.00072217 0.00154995 0.00109486 0.00082663 0.00047677 0.00063076 0.00074226 0.00126585 0.00115412 0.00090087 0.00077516 0.00123040 0.00065791 0.00084558 0.00128034 0.00109286 0.00126055 0.00084668 0.00068763 0.00105727 0.00114977 0.00060028 0.00077809 0.00136420 0.00083532 0.00163678 0.00110824 0.00108097 0.00099777 0.00091990 0.00144900 0.00163612 0.00094514 0.00082566 0.00083676 0.00056054 0.00075626 0.00085989 0.00127696 0.00060291 0.00101274 0.00097965 0.00107541 0.00190561 0.00074370 0.00078953 0.00059806 0.00066850 0.00092111 0.00055482 0.00099438 0.00126239 0.00176259 0.00117079 0.00133299 0.00055375 0.00266813 0.00115708 0.00117781 0.00113075 0.00114746 0.00098111 0.00101063 0.00101319 0.00068792 0.00064510 0.00067244 0.00094079 0.00154852 0.00075647 0.00073624 0.00049387 0.00088697 0.00067508 0.00130426 0.00106094 0.00096499 0.00116341 0.00092523 0.00073716 0.00091867 0.00063097 0.00055812 0.00089140 0.00120428 0.00055822 0.00055783 0.00151670 0.00134241 0.00088895 0.00038960 0.00046612 0.00088076 0.00077934 0.00079623 0.00163214 0.00083887 0.00078592 0.00156935 0.00104287 0.00141727 0.00096076 0.00067035 0.00053200 0.00075658 0.00080209 0.00119621 0.00106136 0.00098921 0.00181199 0.00051939 0.00113101 0.00121155 0.00077518 0.00441387 0.00179773 0.00063045 0.00081018 0.00097949 0.00134962 0.00228066 0.00054376 0.00078788 0.00058391 0.00051190 0.00087102 0.00112977 0.00070913 0.00145145 0.00097604 0.00081625 0.00058245 0.00107553 0.00065041 0.00078236 0.00113292 0.00144899 0.00159257 0.00090948 0.00276242 0.00152287 0.00133419 0.00108548 0.00146906 0.00104943 0.00064827 0.00079774 0.00091541 0.00096108 0.00075033 0.00297739 0.00158037 0.00119131 0.00070877 0.00092901 0.00091978 0.00064241 0.00073887 0.00049603 0.00112427 0.00087260 0.00097546 0.00075599 0.00037018 0.00040478 0.00072547 0.00068561 0.00087730 0.00076806 0.00082085 0.00123469 0.00073806 0.00117105 0.00080116 0.00132174 0.00156720 0.00115261 0.00127252 0.00102181 0.00047641 0.00053059 0.00093818 0.00053834 0.00067074 0.00059010 0.00105179 0.00083993 0.00148195 0.00109404 0.00074908 0.00111182 0.00089850 0.00128924 0.00110727 0.00050905 0.00075104 0.00065957 0.00056155 0.00176885 0.00117603 0.00064263 0.00113160 0.00071983 0.00082359 0.00075873 0.00069569 0.00135364 0.00102267 0.00034413 0.00054346 0.00085109 
onnx::Conv_1301 0.00266641 0.00343376 0.00357875 0.00412916 0.00330136 0.00322222 0.00351049 0.00245483 0.00418492 0.00334733 0.00284749 0.00341296 0.01139049 0.00541525 0.00413151 0.00351618 0.00263814 0.00339339 0.00619157 0.00594539 0.00406610 0.00445556 0.00302867 0.00272015 0.00531329 0.00301596 0.00305969 0.00293707 0.00279727 0.00433791 0.00294830 0.00273673 0.00282443 0.00351719 0.00478061 0.00477014 0.00758316 0.00525223 0.00515491 0.00422832 0.00737204 0.00205881 0.00564329 0.00231881 0.00270343 0.00375787 0.00650043 0.00345374 0.00525061 0.00308856 0.00292751 0.00661996 0.00894111 0.00276286 0.00321509 0.00552854 0.00393536 0.00403490 0.00244379 0.00724873 0.00407891 0.00245402 0.00453662 0.00591867 0.00521588 0.00335425 0.00415891 0.00553396 0.00576126 0.00472839 0.00431588 0.00265823 0.00422470 0.00288484 0.00239964 0.00365468 0.00447669 0.00542105 0.00283010 0.00366103 0.00297692 0.00351559 0.00783273 0.00266438 0.00640800 0.00434731 0.00545752 0.00526274 0.00368381 0.00452313 0.00410921 0.00878315 0.00319863 0.00287522 0.00458730 0.00252231 0.00872780 0.00422171 0.00306247 0.00400269 0.00250802 0.00283679 0.00747674 0.00259766 0.00440873 0.01046410 0.00390744 0.00304909 0.00430152 0.00543556 0.00402589 0.00348521 0.00670656 0.00307741 0.00368545 0.00310564 0.00389625 0.00338589 0.00444542 0.00362470 0.00408482 0.00329374 0.00313052 0.00415092 0.00988990 0.00322219 0.00425681 0.00692646 
onnx::Conv_1307 0.00149933 0.00058232 0.00267280 0.00216858 0.00161442 0.00097985 0.00197056 0.00246068 0.00187379 0.00130899 0.00096842 0.00117060 0.00076564 0.00456996 0.00092197 0.00040847 0.00248138 0.00516778 0.00215616 0.00155556 0.00167925 0.00085122 0.00115152 0.00363333 0.00070674 0.00130600 0.00263446 0.00073779 0.00356244 0.00451052 0.00233585 0.00287641 0.00367884 0.00067069 0.00118304 0.00294161 0.00267247 0.00074975 0.00388628 0.00094771 0.00105576 0.00136484 0.00109171 0.00327024 0.00061378 0.00195610 0.00074397 0.00055836 0.00319507 0.00163994 0.00056386 0.00101563 0.00236289 0.00162813 0.00073897 0.00168031 0.00411082 0.00066683 0.00105014 0.00132874 0.00199974 0.00376153 0.00470869 0.00289648 0.00078965 0.00177707 0.00096103 0.00318118 0.00092537 0.00089508 0.00329948 0.00220624 0.00056975 0.00125512 0.00184897 0.00050760 0.00106114 0.00350556 0.00106918 0.00160912 0.00549279 0.00076838 0.00182180 0.00108599 0.00100588 0.00280367 0.00456050 0.00194701 0.00233719 0.00423680 0.00171389 0.00109861 0.00534791 0.00511111 0.00073473 0.00278268 0.00338886 0.00129531 0.00293221 0.00094304 0.00100033 0.00077719 0.00185123 0.00290882 0.00612732 0.00272009 0.00205735 0.00047460 0.00139975 0.00350357 0.00093523 0.00059475 0.00338036 0.00199200 0.00111002 0.00268004 0.00062128 0.00303692 0.00166186 0.00183549 0.00132347 0.00057290 0.00417459 0.00149152 0.00038970 0.00052757 0.00182065 0.00405103 
onnx::Conv_1310 0.01038640 0.07346795 0.00800948 0.00893487 0.00894159 0.03672229 0.00618525 0.00469334 0.00810919 0.00989263 0.01987827 0.01984468 0.02221263 0.00245245 0.02740920 0.03136040 0.00531455 0.00224978 0.00567723 0.00559656 0.00491568 0.01987690 0.01846758 0.00672340 0.01459413 0.00959513 0.01255138 0.06343001 0.00532064 0.00490573 0.00554347 0.00480553 0.00758666 0.01534839 0.01137618 0.00580437 0.00884455 0.02968171 0.00251538 0.02615131 0.02654219 0.01547259 0.01539209 0.00672586 0.07769475 0.01018130 0.02461434 0.03586584 0.00528045 0.01369561 0.03674248 0.01762133 0.00422285 0.01263490 0.08113942 0.01413009 0.00470754 0.04356247 0.01374341 0.00598822 0.00487555 0.00570439 0.00412774 0.02365654 0.02114560 0.00963750 0.03527550 0.00439053 0.01701381 0.02329782 0.00609934 0.00915640 0.02997514 0.01860832 0.01262757 0.07000926 0.01271299 0.00787689 0.00900100 0.00718193 0.00181485 0.03434173 0.00599930 0.02263851 0.01609252 0.00424645 0.00355554 0.00519504 0.00476522 0.00317852 0.01097011 0.01162484 0.00318278 0.00295845 0.03553734 0.00369050 0.00622929 0.01308891 0.00443965 0.00940870 0.02267432 0.06657761 0.00560105 0.00258328 0.00561972 0.00686557 0.02637800 0.05359025 0.00760506 0.00665190 0.02012928 0.04504490 0.00466549 0.00506970 0.02395786 0.00848047 0.03357849 0.00445622 0.01304692 0.00562604 0.00838265 0.03619808 0.00345056 0.01392579 0.05671842 0.04434086 0.00407146 0.00378767 
onnx::Conv_1313 0.00574895 0.00189059 0.00652108 0.00308183 0.00478862 0.00313790 0.00406780 0.00393024 0.00331756 0.00491460 0.00364063 0.00395734 0.00300785 0.00304500 0.00305218 0.00472022 0.00523776 0.00463216 0.00385971 0.00328260 0.00345060 0.00282572 0.00323870 0.00398096 0.00266567 0.00367073 0.00256801 0.00480738 0.00350764 0.00470445 0.00288648 0.00214875 0.00641920 0.00495133 0.00912194 0.00327859 0.00324758 0.00524619 0.00416642 0.00330514 0.00413339 0.00366419 0.00772224 0.00509083 0.00306691 0.00250877 0.00301748 0.00581889 0.00493556 0.00276465 0.00248070 0.00306305 0.00211889 0.00467240 0.00377564 0.00278826 0.00279090 0.00308119 0.00477247 0.00336378 0.00769989 0.00412437 0.00458930 0.00348067 0.00369477 0.00420196 0.00317095 0.00193761 0.00276949 0.00503209 0.00365085 0.00605740 0.00376270 0.00368223 0.00394279 0.00343154 0.00276886 0.00472925 0.00370578 0.00401255 0.00328966 0.00696348 0.00384302 0.00299408 0.00403606 0.00402332 0.00301549 0.00320337 0.00381878 0.00755702 0.00439895 0.00261513 0.00575593 0.00814107 0.00351276 0.00759310 0.00278886 0.00535173 0.00260621 0.00493105 0.00376288 0.00251910 0.00389672 0.00311402 0.00631521 0.00424639 0.00402763 0.00421513 0.00292574 0.00297829 0.00280719 0.00583250 0.00419063 0.00237507 0.00364402 0.00460171 0.00358329 0.00339106 0.00274670 0.00375913 0.00424081 0.00351428 0.00371316 0.00224647 0.00356096 0.00255332 0.00384988 0.00448720 
onnx::Conv_1304 0.00282832 0.00383931 0.00368302 0.00297421 0.00454519 0.00500334 0.00490297 0.00950580 0.00389394 0.00378434 0.00404018 0.00345909 0.00394185 0.00306485 0.00429144 0.00572311 0.00362269 0.00457903 0.00521535 0.00316866 0.00483168 0.00537996 0.00561742 0.00612520 0.00469429 0.00502061 0.00464446 0.00340087 0.00615125 0.00584508 0.00394510 0.00478605 0.00599756 0.00444978 0.00376611 0.00425705 0.00406210 0.00298421 0.00444265 0.00424990 0.00394716 0.00311834 0.00385490 0.00484895 0.00364182 0.00396652 0.00545885 0.00327710 0.00607760 0.00479981 0.00410816 0.00486990 0.00314487 0.00406912 0.00421874 0.00506090 0.00348502 0.00347249 0.00660714 0.00615243 0.00355479 0.00501567 0.00574493 0.00303328 0.00550876 0.00431027 0.00440814 0.00592975 0.00256266 0.00439881 0.00334708 0.00442007 0.00505033 0.00605372 0.00495052 0.00590867 0.00383567 0.00266940 0.00361317 0.00389204 0.00390364 0.00411645 0.00565075 0.00298725 0.00445491 0.00511746 0.00334935 0.00407973 0.00364977 0.00490072 0.00608345 0.00391826 0.00319854 0.00265941 0.00399463 0.00560649 0.00507989 0.00322630 0.00751798 0.00512397 0.00297492 0.00313076 0.01221754 0.00291399 0.00639887 0.00458853 0.00414001 0.00387341 0.00357970 0.00492394 0.00509135 0.00507313 0.00300753 0.00415842 0.00317351 0.00511105 0.00356529 0.00317787 0.00295458 0.01300320 0.00522793 0.00354220 0.00506544 0.00458356 0.00547980 0.00393376 0.00374177 0.00363691 
onnx::Conv_1316 0.00183726 0.00179388 0.00217645 0.00242260 0.00218185 0.00206618 0.00227910 0.00319834 0.00291994 0.00204575 0.00205912 0.00169588 0.00186614 0.00280215 0.00275888 0.00207894 0.00366793 0.00170797 0.00326384 0.00228098 0.00214091 0.00254064 0.00301952 0.00304052 0.00215934 0.00228401 0.00334656 0.00182870 0.00179301 0.00224342 0.00253733 0.00174293 0.00180838 0.00257248 0.00180798 0.00326881 0.00190455 0.00155742 0.00192747 0.00236101 0.00315456 0.00192325 0.00269308 0.00278613 0.00306459 0.00310429 0.00273953 0.00155644 0.00260477 0.00180365 0.00247799 0.00458953 0.00207403 0.00194185 0.00133302 0.00195681 0.00231513 0.00278064 0.00416516 0.00212284 0.00170503 0.00435142 0.00213475 0.00206193 0.00211669 0.00148881 0.00253621 0.00264548 0.00253034 0.00249149 0.00380881 0.00174725 0.00339902 0.00183902 0.00152574 0.00298473 0.00117331 0.00142135 0.00315174 0.00178324 0.00242324 0.00376623 0.00339398 0.00327042 0.00156081 0.00340424 0.00176490 0.00232638 0.00295121 0.00138189 0.00176155 0.00271724 0.00156527 0.00177548 0.00167629 0.00311286 0.00288553 0.00175322 0.00288594 0.00235792 0.00214811 0.00147191 0.00310217 0.00195240 0.00208178 0.00311504 0.00353174 0.00283853 0.00224540 0.00369821 0.00239008 0.00247480 0.00180975 0.00167227 0.00224917 0.00335113 0.00225941 0.00200304 0.00179314 0.00136011 0.00167275 0.00288411 0.00173281 0.00240952 0.00655142 0.00210109 0.00279673 0.00168972 0.00317517 0.00270058 0.00241583 0.00153311 0.00203609 0.00217422 0.00160563 0.00191429 0.00234952 0.00192460 0.00486207 0.00190294 0.00240381 0.00334867 0.00136906 0.00188816 0.00337646 0.00272126 0.00238237 0.00301852 0.00190787 0.00177979 0.00223302 0.00145315 0.00255696 0.00251472 0.00226127 0.00176596 0.00207510 0.00246333 0.00363597 0.00467063 0.00299202 0.00177788 0.00287807 0.00257166 0.00326603 0.00184277 0.00185431 0.00360309 0.00173769 0.00249697 0.00276236 0.00251247 0.00316285 0.00187457 0.00321492 0.00241849 0.00275299 0.00269835 0.00405139 0.00372023 0.00190160 0.00232985 0.00180332 0.00328965 0.00237802 0.00226579 0.00257816 0.00304940 0.00220274 0.00215729 0.00178744 0.00168771 0.00234305 0.00301315 0.00316273 0.00333027 0.00203620 0.00166442 0.00197208 0.00262706 0.00252858 0.00346251 0.00399324 0.00218934 0.00425209 0.00297728 0.00243206 0.00180795 0.00166636 0.00225989 0.00160648 0.00498277 0.00195679 0.00163367 0.00251192 0.00237320 0.00166191 0.00356188 0.00293035 0.00259059 0.00253478 0.00180384 0.00175685 0.00210633 0.00210388 0.00300092 0.00279233 0.00225077 0.00234217 0.00204787 0.00165474 0.00165008 0.00282815 0.00295244 0.00181965 0.00275750 0.00209607 0.00249967 0.00169433 0.00231647 0.00248501 0.00527382 0.00240867 0.00233439 0.00190809 0.00189306 0.00178606 0.00205273 0.00271658 0.00448848 0.00215011 0.00324565 0.00289832 0.00261459 0.00151112 0.00289018 
onnx::Conv_1319 0.00267711 0.00438864 0.00271124 0.00302694 0.00350514 0.00221208 0.00294257 0.00407105 0.00193212 0.00210206 0.00246106 0.00220763 0.00334421 0.00276263 0.00281817 0.00207005 0.00261648 0.00471603 0.00220960 0.00274683 0.00224966 0.00269812 0.00308370 0.00277432 0.00307443 0.00341931 0.00238255 0.00432300 0.00312950 0.00335192 0.00208728 0.00227279 0.00306269 0.00367973 0.00403104 0.00426240 0.00315823 0.00384464 0.00247866 0.00400569 0.00345987 0.00257446 0.00281605 0.00253286 0.00425202 0.00277301 0.00159427 0.00584997 0.00254354 0.00429950 0.00325711 0.00340404 0.00366178 0.00326608 0.00160464 0.00276548 0.00481478 0.00263641 0.00206910 0.00394078 0.00256507 0.00289579 0.00371630 0.00271108 0.00287208 0.00696426 0.00291276 0.00296697 0.00527225 0.00274076 0.00195198 0.00318604 0.00226108 0.00489203 0.00138598 0.00277465 0.00297924 0.00227436 0.00209262 0.00228523 0.00359584 0.00312291 0.00325882 0.00266094 0.00539917 0.00327902 0.00456807 0.00371846 0.00294901 0.00306027 0.00320432 0.00267200 0.00176645 0.00427937 0.00300840 0.00294494 0.00351394 0.00461707 0.00199239 0.00355531 0.00236000 0.00304700 0.00350724 0.00313970 0.00253861 0.00268064 0.00237301 0.00397355 0.00352787 0.00465361 0.00286520 0.00304694 0.00285302 0.00211847 0.00234994 0.00253359 0.00274231 0.00323303 0.00402108 0.00247919 0.00252953 0.00191113 0.00366797 0.00182257 0.00204120 0.00309477 0.00302860 0.00299467 
onnx::Conv_1322 0.00290684 0.00253965 0.00198567 0.00318591 0.00351966 0.00407436 0.00248160 0.00319983 0.00263137 0.00581219 0.00305938 0.00185185 0.00285201 0.00347841 0.00172804 0.00204438 0.00237178 0.00445958 0.00232219 0.00237165 0.00244416 0.00222106 0.00310939 0.00250098 0.00247652 0.00142265 0.00531397 0.00166944 0.00319676 0.00291514 0.00232414 0.00143850 0.00285955 0.00176519 0.00145789 0.00186452 0.00534673 0.00197950 0.00367183 0.00203863 0.00188152 0.00242891 0.00179805 0.00352290 0.00255429 0.00123105 0.00235295 0.00250733 0.00136721 0.00147498 0.00530687 0.00278602 0.00117877 0.00259034 0.00260764 0.00395370 0.00199450 0.00285552 0.00278380 0.00187364 0.00245608 0.00239204 0.00225685 0.00194849 
onnx::Conv_1328 0.00350226 0.00599993 0.00082463 0.00526107 0.00151283 0.00480741 0.00321476 0.00348421 0.00053487 0.00378861 0.00494184 0.00382111 0.00469255 0.00101850 0.00429572 0.00122310 0.00265314 0.00224912 0.00261795 0.00873397 0.00374232 0.00509967 0.00391963 0.00782067 0.00101399 0.00299432 0.00584003 0.00532290 0.00645026 0.00151603 0.00511227 0.00395132 0.00667171 0.00360515 0.00343791 0.00196222 0.00997320 0.00460019 0.00722049 0.00861378 0.00324943 0.00365994 0.01960210 0.00483538 0.00716710 0.00303269 0.00503093 0.00278245 0.00705436 0.00206240 0.00669396 0.00098679 0.00138229 0.00597524 0.00116594 0.00201864 0.00396189 0.00314978 0.00365383 0.00448595 0.00428695 0.00110625 0.00360580 0.00471357 
onnx::Conv_1331 0.01183056 0.00281543 0.04127061 0.00142514 0.01325781 0.00317351 0.00405758 0.00217880 0.00584246 0.00415680 0.00435693 0.00502340 0.00427896 0.02086756 0.00324817 0.02404901 0.00432821 0.00640686 0.00764016 0.00095604 0.00283638 0.00518443 0.00275389 0.00256562 0.04018182 0.00563200 0.00336043 0.00258873 0.00327985 0.01398737 0.00360858 0.00560509 0.00179357 0.00369885 0.00473061 0.01412798 0.00199061 0.00272502 0.00390988 0.00286519 0.00689444 0.00604072 0.00236293 0.00191761 0.00266449 0.00591937 0.00303247 0.00396107 0.00145030 0.00847142 0.00235945 0.01847162 0.03245640 0.00398803 0.02619637 0.01316273 0.03052393 0.03690186 0.00584612 0.00705353 0.00445415 0.01999519 0.00345822 0.00325932 
onnx::Conv_1334 0.00440332 0.00905936 0.00511168 0.00434012 0.00648625 0.00711360 0.00581232 0.00553703 0.00589464 0.00876268 0.00619090 0.00493674 0.00460618 0.00615882 0.00677707 0.00672367 0.00481507 0.00724414 0.00397037 0.00644932 0.00355905 0.00491315 0.00731079 0.00488569 0.00396579 0.00498360 0.00531015 0.01533372 0.00390307 0.00605338 0.00544248 0.01169131 0.00589933 0.01135921 0.00587022 0.00887000 0.00580155 0.00368422 0.00720795 0.01469570 0.00670156 0.00653361 0.00940746 0.00719049 0.00517427 0.00432629 0.00730833 0.00579427 0.00836962 0.00760423 0.00377772 0.00521974 0.00797235 0.00528038 0.00569614 0.00415119 0.00612210 0.00555356 0.00836807 0.00360287 0.00463856 0.00493232 0.00635054 0.00828773 
onnx::Conv_1325 0.00269467 0.00313440 0.00295036 0.00200885 0.00328800 0.00220680 0.00340417 0.00426328 0.00202503 0.00307748 0.00272923 0.00172714 0.00331920 0.00288961 0.00261168 0.00464927 0.00212593 0.00308369 0.00235760 0.00259604 0.00384096 0.00228008 0.00156780 0.00394417 0.00288559 0.00211585 0.00202803 0.00262312 0.00162070 0.00264312 0.00731381 0.00354727 0.00301774 0.00407954 0.00299125 0.00346884 0.00434034 0.00289210 0.00234319 0.00345585 0.00161567 0.00138521 0.00271985 0.00194528 0.00306207 0.00383741 0.00274797 0.00375726 0.00241064 0.00287235 0.00336268 0.00300807 0.00206970 0.00249034 0.00190082 0.00114557 0.00274920 0.00172958 0.00219060 0.00183586 0.00202647 0.00253727 0.00284679 0.00187550 
onnx::Conv_1337 0.00267945 0.00270381 0.00402896 0.00518214 0.00254662 0.00458216 0.00388134 0.00300065 0.00293313 0.00304985 0.00109988 0.00249799 0.00227078 0.00202766 0.00249811 0.00318207 0.00262803 0.00256293 0.00245479 0.00365042 0.00327694 0.00211997 0.00339379 0.00175448 0.00197057 0.00297945 0.00391935 0.00389076 0.00171442 0.00200465 0.00120467 0.00230605 0.00183805 0.00197394 0.00216115 0.00219128 0.00316769 0.00205037 0.00307264 0.00461960 0.00277146 0.00162188 0.00167047 0.00387086 0.00161266 0.00236331 0.00240043 0.00194789 0.00285640 0.00214309 0.00167521 0.00315647 0.00259401 0.00205153 0.00314167 0.00225304 0.00288674 0.00301320 0.00247221 0.00257102 0.00397643 0.00246043 0.00430712 0.00456484 0.00401556 0.00257081 0.00509751 0.00225990 0.00273950 0.00382984 0.00177496 0.00419739 0.00444194 0.00281449 0.00266066 0.00324005 0.00346891 0.00315086 0.00230893 0.00259571 0.00275905 0.00249018 0.00257000 0.00306956 0.00148040 0.00245694 0.00220623 0.00283088 0.00263122 0.00398995 0.00305757 0.00498714 0.00214521 0.00429589 0.00564799 0.00148447 0.00166649 0.00155700 0.00201673 0.00367701 0.00264540 0.00151884 0.00279906 0.00273496 0.00539596 0.00291858 0.00367574 0.00238275 0.00350422 0.00377062 0.00289180 0.00306963 0.00312365 0.00372989 0.00180663 0.00255083 0.00140205 0.00190773 0.00228737 0.00323991 0.00313512 0.00216523 0.00217029 0.00368505 0.00465704 0.00205605 0.00364593 0.00297850 
onnx::Conv_1340 0.00352943 0.00420030 0.00186146 0.00415624 0.00442725 0.00194197 0.00189335 0.00316865 0.00327031 0.00223030 0.00393679 0.00357889 0.00375051 0.00501834 0.00395834 0.00255861 0.00252349 0.00235558 0.00201356 0.00269781 0.00408077 0.00201369 0.00548589 0.00528964 0.00439445 0.00238112 0.00453163 0.00384847 0.00431505 0.00470885 0.00290850 0.00292755 0.00317932 0.00300248 0.00394883 0.00304058 0.00558752 0.00455156 0.00206115 0.00201407 0.00357975 0.00480989 0.00491113 0.00384216 0.00332661 0.00688452 0.00320582 0.00306223 0.00331542 0.00253125 0.00354320 0.00304541 0.00446457 0.00605110 0.00153393 0.00522079 0.00167297 0.00303169 0.00208286 0.00365767 0.00393384 0.00324564 0.00490105 0.00182768 
onnx::Conv_1343 0.00160489 0.00108490 0.00128539 0.00189701 0.00152737 0.00402927 0.00344874 0.00398763 0.00465336 0.00188639 0.00152728 0.00165449 0.00271079 0.00196988 0.00258387 0.00240083 0.00359162 0.00234283 0.00286500 0.00224442 0.00159498 0.00163483 0.00206896 0.00226229 0.00298719 0.00245091 0.00135282 0.00311800 0.00069354 0.00215217 0.00109766 0.00257169 
onnx::Conv_1349 0.00959149 0.00475962 0.00257251 0.00795243 0.00189870 0.00561085 0.00322909 0.00973962 0.00279709 0.00684658 0.00249723 0.00172019 0.00374332 0.00731978 0.00308787 0.00629302 0.01050963 0.00067627 0.00535364 0.00502942 0.00111400 0.00430091 0.01336664 0.00299486 0.00209031 0.00464392 0.00768130 0.00982486 0.00308357 0.00228094 0.00505274 0.00250460 
onnx::Conv_1352 0.00269174 0.01291873 0.02048342 0.00819559 0.03941123 0.00508337 0.00803976 0.00255117 0.02659261 0.00547051 0.02110542 0.01424356 0.00467760 0.00394285 0.01666747 0.00482343 0.00323940 0.01722005 0.00612923 0.02119133 0.04967821 0.01318177 0.00342443 0.02454741 0.03805905 0.00706690 0.00542900 0.00412647 0.01387361 0.01904242 0.00608522 0.03228683 
onnx::Conv_1355 0.00728111 0.00560032 0.00598019 0.00568330 0.00685157 0.00449467 0.00648937 0.00590678 0.00681801 0.00718851 0.00911545 0.00680508 0.00631111 0.00569574 0.00713701 0.01172999 0.00787612 0.00943185 0.00928429 0.00633703 0.00473927 0.00795247 0.00947331 0.00416178 0.00571554 0.00616488 0.00398687 0.00595200 0.00616195 0.00971302 0.00946437 0.00745128 
onnx::Conv_1346 0.00125374 0.00281249 0.00192525 0.00384236 0.00167162 0.00313387 0.00092269 0.00186694 0.00186891 0.00133363 0.00169438 0.00157422 0.00778054 0.00101975 0.00275410 0.00342059 0.00308585 0.00268859 0.00170873 0.00197156 0.00165186 0.00137862 0.00615414 0.00221717 0.00147687 0.00181171 0.00144671 0.00171921 0.00497864 0.00454070 0.00383316 0.00133441 
onnx::Conv_1358 0.00431810 0.00354763 0.00559035 0.00504165 0.00320037 0.00223853 0.00218528 0.00474690 0.00225215 0.00773409 0.00189821 0.00143032 0.00131598 0.00205182 0.00198387 0.00278631 0.00102344 0.00299360 0.00289954 0.00369509 0.00187084 0.00247031 0.00385987 0.00527910 0.00149440 0.00302118 0.00381983 0.00312469 0.00171338 0.00300396 0.00181115 0.00096823 0.00261438 0.00204182 0.00185877 0.00149431 0.00109071 0.00419849 0.00284791 0.00327359 0.00155756 0.00294840 0.00423549 0.00183326 0.00476653 0.00176030 0.00236392 0.00149978 0.00175755 0.00377434 0.00151674 0.00348968 0.00319789 0.00163376 0.00176822 0.00202337 0.00360460 0.00362293 0.00069649 0.00125017 0.00331557 0.00183609 0.00299523 0.00183327 
onnx::Conv_1361 0.00377961 0.00269707 0.00181853 0.00271659 0.00204357 0.00433100 0.00234911 0.00280059 0.00492242 0.00757787 0.00453411 0.01125026 0.00301473 0.00559943 0.00304809 0.00357005 0.00317699 0.00224642 0.00227543 0.00254547 0.00513823 0.00316134 0.00149326 0.00383283 0.00512213 0.00315106 0.00344377 0.00510524 0.00663874 0.00486672 0.00409042 0.00512546 0.00474170 0.00466050 0.00294846 0.00490165 0.00711752 0.00197845 0.00263797 0.00252423 0.00754576 0.00412507 0.00342483 0.00448741 0.00348415 0.00441138 0.00391860 0.00426943 0.00539442 0.00198666 0.00503964 0.00104557 0.00178474 0.00651836 0.00398881 0.00413655 0.00440102 0.00475252 0.00944797 0.00394294 0.00544894 0.00276964 0.00376987 0.00422121 
onnx::Conv_1364 0.01170395 0.01435632 0.01229866 0.01767446 0.00754933 0.01291838 0.00618923 0.01176598 0.01063069 0.00862382 0.00726722 0.00614148 0.00681488 0.00873359 0.00829833 0.00582265 0.00845540 0.01147299 0.00660564 0.00954977 0.00984270 0.00872025 0.00579804 0.01040249 0.01002436 0.00950143 0.00374174 0.00815258 0.00668052 0.01052716 0.01444801 0.00375773 0.01827849 0.00961759 0.01342452 0.01126885 0.00864405 0.01898942 0.00718983 0.01275766 0.00862618 0.01122639 0.00858683 0.01007790 0.02007222 0.00498730 0.01176047 0.00645857 0.00549463 0.01106954 0.00984894 0.01924425 0.00624064 0.00469451 0.00492808 0.01106804 0.01024372 0.00887391 0.01413723 0.00865474 0.01526322 0.00666633 0.00724994 0.00928875 
onnx::Conv_1367 0.00241606 0.00245202 0.00355270 0.00444806 0.00258818 0.00556607 0.00425621 0.00260350 0.00371707 0.00296148 0.00505245 0.00447782 0.00392930 0.00382834 0.00418864 0.00363815 0.00300123 0.00445680 0.00411123 0.00391060 0.00390405 0.00306983 0.00330744 0.00358717 0.00327907 0.00362648 0.00273853 0.00316310 0.00273844 0.00516217 0.00407969 0.00517852 0.00370707 0.00212127 0.00596617 0.00400101 0.00374149 0.00387260 0.00404443 0.00365445 0.00416316 0.00439583 0.00251302 0.00569737 0.00301562 0.00392150 0.00443574 0.00387128 0.00556740 0.00215418 0.00355637 0.00355460 0.00333734 0.00217193 0.00583615 0.00259386 0.00515685 0.00436320 0.00363483 0.00557649 0.00385146 0.00354335 0.00340952 0.00313933 
onnx::Conv_1373 0.00195277 0.00062836 0.00141639 0.00216681 0.00263519 0.00240902 0.00105115 0.00137324 0.00278029 0.00300926 0.00064122 0.00490446 0.00116980 0.00082417 0.00102689 0.00286380 0.00194181 0.00083871 0.00084302 0.00191982 0.00124634 0.00268215 0.00183291 0.00190839 0.00152974 0.00080263 0.00373178 0.00189217 0.00247817 0.00139463 0.00151559 0.00063701 0.00311225 0.00265011 0.00154804 0.00085864 0.00095493 0.00329315 0.00121998 0.00362086 0.00293270 0.00217341 0.00255882 0.00070287 0.00446934 0.00116919 0.00106418 0.00107363 0.00204263 0.00241240 0.00113015 0.00228010 0.00195470 0.00096671 0.00320990 0.00152364 0.00304234 0.00090121 0.00227482 0.00038186 0.00235911 0.00110545 0.00414742 0.00152750 
onnx::Conv_1376 0.00766439 0.02961582 0.00797090 0.00629807 0.00357111 0.00566170 0.01212712 0.00387544 0.00450797 0.01299371 0.02048497 0.00513077 0.00769795 0.02387576 0.01111818 0.00846199 0.00551546 0.02516783 0.00630637 0.00495805 0.01105691 0.00910608 0.00511872 0.00462279 0.01030819 0.01330936 0.00504754 0.00749039 0.00436492 0.00524739 0.00716079 0.02351044 0.00363276 0.00371646 0.00456362 0.02418484 0.01457854 0.00371060 0.00651302 0.00188215 0.00497357 0.00538637 0.00430633 0.01473233 0.00362655 0.01190586 0.01437892 0.00955490 0.00359399 0.00477817 0.04105139 0.00855461 0.00930011 0.01143618 0.00372301 0.00766521 0.00496377 0.00822538 0.00477168 0.08334532 0.00822008 0.01339097 0.00337820 0.00894463 
onnx::Conv_1379 0.00920174 0.00788926 0.00623598 0.00365346 0.01088748 0.00995937 0.00528181 0.00778560 0.00430321 0.00981671 0.00520572 0.00807695 0.01019655 0.00469814 0.00552373 0.00568983 0.00593027 0.00599293 0.00744585 0.00612435 0.00717173 0.01184590 0.00595062 0.00607554 0.00987559 0.00819149 0.00615751 0.00544519 0.00789442 0.01030440 0.00400996 0.01361369 0.00443749 0.01197477 0.00807820 0.00477733 0.00838974 0.00818016 0.00601408 0.00648175 0.00987800 0.00765518 0.01100178 0.00430969 0.00680689 0.01014497 0.00660807 0.00555497 0.00771909 0.01181299 0.00633591 0.00543577 0.00760252 0.00464706 0.00651673 0.00551268 0.00694600 0.00623092 0.00697358 0.00319945 0.00932336 0.00708872 0.00479687 0.00599136 
onnx::Conv_1370 0.00228714 0.00161839 0.00402424 0.00201002 0.00261423 0.00356402 0.00208271 0.00221478 0.00270234 0.00270502 0.00261652 0.00212004 0.00462803 0.00217167 0.00237848 0.00231325 0.00271865 0.00279247 0.00394376 0.00253380 0.00235035 0.00389652 0.00184591 0.00552422 0.00207115 0.00491517 0.00286690 0.00263782 0.00237505 0.00464376 0.00227597 0.00203182 0.00313446 0.00233103 0.00514918 0.00287599 0.00280926 0.00345442 0.00206327 0.00227573 0.00399169 0.00177790 0.00330876 0.00191438 0.00569005 0.00256456 0.00374304 0.00299889 0.00325995 0.01428419 0.00224038 0.00243701 0.00155754 0.00291191 0.00263362 0.00565137 0.00328468 0.00346004 0.00168503 0.00259419 0.00274684 0.00247374 0.00610051 0.00245173 
onnx::Conv_1382 0.00260413 0.00286628 0.00406499 0.00266978 0.00438774 0.00382266 0.00486098 0.00157498 0.00450376 0.00525407 0.00225798 0.00653612 0.00168474 0.00567924 0.00291498 0.00496775 0.00330356 0.00372388 0.00196267 0.00525161 0.00229600 0.00455952 0.00152122 0.00428171 0.00491972 0.00269491 0.00429274 0.00440078 0.00536193 0.00416942 0.00399422 0.00373496 0.00484244 0.00364251 0.00446882 0.00315439 0.00384739 0.00250146 0.00376409 0.00273166 0.00447497 0.00265946 0.00361355 0.00473349 0.00323344 0.00240389 0.00336104 0.00239976 0.00405781 0.00529312 0.00460343 0.00414724 0.00274248 0.00333167 0.00361744 0.00486890 0.00287455 0.00307079 0.00577541 0.00215947 0.00357431 0.00332992 0.00200290 0.00414655 0.00218809 0.00213133 0.00285968 0.00376587 0.00387702 0.00114021 0.00217622 0.00659866 0.00477264 0.00236490 0.00180727 0.00225514 0.00508122 0.00275264 0.00511577 0.00310468 0.00347510 0.00368387 0.00883783 0.00396719 0.00224278 0.00297982 0.00427044 0.00576466 0.00407060 0.00412024 0.00191773 0.00319468 0.00433872 0.00229152 0.00677253 0.00512050 0.00277766 0.00240231 0.00406317 0.00198495 0.00262480 0.00329518 0.00319116 0.00315603 0.00315900 0.00327211 0.00372069 0.00456008 0.00333662 0.00554575 0.00334185 0.00423736 0.00431461 0.00244188 0.00469403 0.00367621 0.00472963 0.00199895 0.00321472 0.00495884 0.00720286 0.00673800 0.00235667 0.00551910 0.00447152 0.00339019 0.00186355 0.00476562 
onnx::Conv_1385 0.00484243 0.00436800 0.00613866 0.00220610 0.00337574 0.00159115 0.00197097 0.00620287 0.00389650 0.00247213 0.00425478 0.00247572 0.00420798 0.00211188 0.00420044 0.00250350 0.00269382 0.00138876 0.00363264 0.00258930 0.00276740 0.00607242 0.00965541 0.00302785 0.00359597 0.00668836 0.00238043 0.00383778 0.00701149 0.00458855 0.00419803 0.00885382 0.00318190 0.00305369 0.00258558 0.00252565 0.00272435 0.00163004 0.00217615 0.00863278 0.00543544 0.00368825 0.00368089 0.00316322 0.00385669 0.00338467 0.00398093 0.00648045 0.00275171 0.00445314 0.00285173 0.00442716 0.00346184 0.00324835 0.00276201 0.00254444 0.00494774 0.00610294 0.00241812 0.00423191 0.00392367 0.00348640 0.00915299 0.00273475 0.00436476 0.00380634 0.00436843 0.00588504 0.00453611 0.00735429 0.00363372 0.00175399 0.00411292 0.00236997 0.00489054 0.00474133 0.00437200 0.00830178 0.00460431 0.00153579 0.00721107 0.00490227 0.00241102 0.00270878 0.00313183 0.00328488 0.00366315 0.00401464 0.00531666 0.00244702 0.00343688 0.00615738 0.00301836 0.00395943 0.00375631 0.00347947 0.00223253 0.00167589 0.00257522 0.00368333 0.00325430 0.00204061 0.00481028 0.00389040 0.00497921 0.00601798 0.00282232 0.00441600 0.00837219 0.00425013 0.00400700 0.00486691 0.00221533 0.00352544 0.00197467 0.00381625 0.00348928 0.00355713 0.00749453 0.00528729 0.00456409 0.00267397 0.00533109 0.00628713 0.00161796 0.00248779 0.00157022 0.00462036 
onnx::Conv_1388 0.00310464 0.00584543 0.00547237 0.00426390 0.00727652 0.00557872 0.00726495 0.00753326 0.00527143 0.00476558 0.00672891 0.00625694 0.00446720 0.00656411 0.00363116 0.00764946 0.01020120 0.00503828 0.00883244 0.00428940 0.00747740 0.00360405 0.00632126 0.00591476 0.00696881 0.00583100 0.00644231 0.00264855 0.00344691 0.00590461 0.00827165 0.00347456 0.00592890 0.00550908 0.00338030 0.00518766 0.00295651 0.00862638 0.00524939 0.00359324 0.00419850 0.00599684 0.00325977 0.00479310 0.00495003 0.00516578 0.00524542 0.00680805 0.00722167 0.00749229 0.00561494 0.00874440 0.00448112 0.00877878 0.00524091 0.00623284 0.00817387 0.00702286 0.00443573 0.00619815 0.00478141 0.00394052 0.00522964 0.00690573 0.00648150 0.00458948 0.00543233 0.00565736 0.00419038 0.00863680 0.00563909 0.00666809 0.00466483 0.00538059 0.00543043 0.00395397 0.00722754 0.00531856 0.00630006 0.00451374 0.00259574 0.00471960 0.00636389 0.00494245 0.00640557 0.00496783 0.00480611 0.00597790 0.00477658 0.00615422 0.00714070 0.00479178 0.00858818 0.00393073 0.00550283 0.00835408 0.00419242 0.00335490 0.00406767 0.00435987 0.00602016 0.00615873 0.00665599 0.00619980 0.00614417 0.00867593 0.00679081 0.00817483 0.00420986 0.00557552 0.01042588 0.00729271 0.00364151 0.00933759 0.00443265 0.00361608 0.00586133 0.00381850 0.00397551 0.00503821 0.00466967 0.00823449 0.00309878 0.00410388 0.00969793 0.00927704 0.00742601 0.00471441 
onnx::Conv_1391 0.00412430 0.00313723 0.00283193 0.00297767 0.00797562 0.00341784 0.00239707 0.00246294 0.00272558 0.00274466 0.00450943 0.00371053 0.00413970 0.00226249 0.00411276 0.00356411 0.00240111 0.00363509 0.01034992 0.00622954 0.00626093 0.00271928 0.00846488 0.00415767 0.00352705 0.00291624 0.00690938 0.00200123 0.00421380 0.00401094 0.00317608 0.00506739 0.00579578 0.00336334 0.00262354 0.00324050 0.00177427 0.00628932 0.00281050 0.00510990 0.00510510 0.00357755 0.00297079 0.00483894 0.00404725 0.00403131 0.01045078 0.00290023 0.00503203 0.00386129 0.00827899 0.00302355 0.00370239 0.00622821 0.00358078 0.00287523 0.00401560 0.00653321 0.00535601 0.00559892 0.00384885 0.00887298 0.00292845 0.00304184 0.00401513 0.00355127 0.00328763 0.00462552 0.00296051 0.00317112 0.00396918 0.00333777 0.00350579 0.00233224 0.00624125 0.00575659 0.00274028 0.00406898 0.00394319 0.01146230 0.00338673 0.00502580 0.00620790 0.00510958 0.00510926 0.00633164 0.00594833 0.00240808 0.00391008 0.00433568 0.00713960 0.00344389 0.00318693 0.00545453 0.00368635 0.00688647 0.00551070 0.00364225 0.00300069 0.00790782 0.00621451 0.00392332 0.00797335 0.00339207 0.00334309 0.00315022 0.00291871 0.00552838 0.00201942 0.00265645 0.00632707 0.00414274 0.00378273 0.00463634 0.00407225 0.00328477 0.00358361 0.00451308 0.00811209 0.00402607 0.00594732 0.00481836 0.00931929 0.00334541 0.00408662 0.00453393 0.00258814 0.00343746 
onnx::Conv_1397 0.00145986 0.00139142 0.00305795 0.00507725 0.00314764 0.00146574 0.00571303 0.00163031 0.00286847 0.00333284 0.00211921 0.00184144 0.00355901 0.00333135 0.00321701 0.00293521 0.00273034 0.00420908 0.00282314 0.00223932 0.00419354 0.00252971 0.00380792 0.00234470 0.00246402 0.00230778 0.00212913 0.00526545 0.00397640 0.00261058 0.00451601 0.00222741 0.00378170 0.00432586 0.00326102 0.00305035 0.00168894 0.00273686 0.00228110 0.00582457 0.00146302 0.00351470 0.00188123 0.00339676 0.00245108 0.00285415 0.00290637 0.00269071 0.00358517 0.00349592 0.00212342 0.00184633 0.00115988 0.00328871 0.00169566 0.00198488 0.00257901 0.00319204 0.00362073 0.00203058 0.00366626 0.00281316 0.00423226 0.00260303 0.00204146 0.00199049 0.00231951 0.00295865 0.00269114 0.00213479 0.00181517 0.00311955 0.00399213 0.00171266 0.00321525 0.00297181 0.00315298 0.00424320 0.00147887 0.00329556 0.00134709 0.00296528 0.00206133 0.00344117 0.00452527 0.00494731 0.00158997 0.00327963 0.00298026 0.00290226 0.00213510 0.00389097 0.00506049 0.00379246 0.00299009 0.00466141 0.00250520 0.00230188 0.00292013 0.00390222 0.00341490 0.00264492 0.00225907 0.00365429 0.00676254 0.00296821 0.00195855 0.00337754 0.00258810 0.00391424 0.00260506 0.00216244 0.00500939 0.00230462 0.00317384 0.00170191 0.00630028 0.00209896 0.00330406 0.00381093 0.00439116 0.00228394 0.00365244 0.00266164 0.00100821 0.00435145 0.00547152 0.00232530 
onnx::Conv_1400 0.00876383 0.00606737 0.00715246 0.00441069 0.01677289 0.01308202 0.00586431 0.00713166 0.00619039 0.00618479 0.00535926 0.00570775 0.00586938 0.00798813 0.00502494 0.01142210 0.00987704 0.00831436 0.00552086 0.00804412 0.01166082 0.00972713 0.00232076 0.00894079 0.01730927 0.00754427 0.00734423 0.00716631 0.00785147 0.01708966 0.00445438 0.00444158 0.00850369 0.01011231 0.00739538 0.01049402 0.01112710 0.00862534 0.00773113 0.00601802 0.01346747 0.00599100 0.00842206 0.00551425 0.00537621 0.00533008 0.00668103 0.00996702 0.00469193 0.01033463 0.00486752 0.01621407 0.00519658 0.00650682 0.00638457 0.00674335 0.01015718 0.00713484 0.00486493 0.00715617 0.00661145 0.00569664 0.00637767 0.00499355 0.01476248 0.00601988 0.00633597 0.00667941 0.01021540 0.00528672 0.00890812 0.00539127 0.00537657 0.00767857 0.01607775 0.00806128 0.00763869 0.00828159 0.01223817 0.00426044 0.01575471 0.00704770 0.00846760 0.01154016 0.00975764 0.00466107 0.00536034 0.00551940 0.00677772 0.01079695 0.00536009 0.00709255 0.00319249 0.00477139 0.00395670 0.00671155 0.00657840 0.00450612 0.00745686 0.00560064 0.00799476 0.00542628 0.00714797 0.00623074 0.00665156 0.00467342 0.00649802 0.00744900 0.00386613 0.00167530 0.00941025 0.00890858 0.00468034 0.00928291 0.01597573 0.01084786 0.00635634 0.00768496 0.00998388 0.00411154 0.00400678 0.01067926 0.00334230 0.00477413 0.00792798 0.00776788 0.00516024 0.01330360 
onnx::Conv_1403 0.00430380 0.00406096 0.00602307 0.00309734 0.00757755 0.00420157 0.00601061 0.00420613 0.00864608 0.00710247 0.00447779 0.00730426 0.00916841 0.00353673 0.00578084 0.00539650 0.00659039 0.00929420 0.00602443 0.00548660 0.00584923 0.00592023 0.00649027 0.00778950 0.00593359 0.00397150 0.00455366 0.00346860 0.00731489 0.00659202 0.00192139 0.00566609 0.00588029 0.00529000 0.01143247 0.00548585 0.00711070 0.00533438 0.00598663 0.00597589 0.00469567 0.00433850 0.00557548 0.00360732 0.00926165 0.00695369 0.00453551 0.00507516 0.00491890 0.01001219 0.00464770 0.00511103 0.00712387 0.00370176 0.00408345 0.00595968 0.00449385 0.00464449 0.00458254 0.00460525 0.00320171 0.00489755 0.00650009 0.00464209 0.00508348 0.00576780 0.00420466 0.00663280 0.00501748 0.00546722 0.01018987 0.00542103 0.00292994 0.00478745 0.00402969 0.00578037 0.00390540 0.00471140 0.00875631 0.00437717 0.00436762 0.00375136 0.00635461 0.00305391 0.00502492 0.00623997 0.00351842 0.00515990 0.00471790 0.00769560 0.00343825 0.00506180 0.00432222 0.00291794 0.00378167 0.00346903 0.00371546 0.00501307 0.00472267 0.00525189 0.00334467 0.00319518 0.00490444 0.00386886 0.00391463 0.00488407 0.00424397 0.00437704 0.00530348 0.00544444 0.00351565 0.00441135 0.00610836 0.00432599 0.00659223 0.00551246 0.00412315 0.00670166 0.00373268 0.00498593 0.00351386 0.00623693 0.00480492 0.00718134 0.00587926 0.00540794 0.00825238 0.00344355 
onnx::Conv_1394 0.00408702 0.00168062 0.00377834 0.00248656 0.00461046 0.00276962 0.00539282 0.00263056 0.00710058 0.00165306 0.00232443 0.00331180 0.00422850 0.00238883 0.00458771 0.00303763 0.00298662 0.00373181 0.00429961 0.00306762 0.00946270 0.00473782 0.00263736 0.00355526 0.00344320 0.00448774 0.00177185 0.01120587 0.00669802 0.00334845 0.00457513 0.00460680 0.00263133 0.00227071 0.00355979 0.00276864 0.00511812 0.00269808 0.00250891 0.00439024 0.00364330 0.00369624 0.00325608 0.00242313 0.00317103 0.00452294 0.00319245 0.00261261 0.00245979 0.00241020 0.00234134 0.00272004 0.00454187 0.00366706 0.00258826 0.00639125 0.00465971 0.00335599 0.00477735 0.00352152 0.00348460 0.00273077 0.00320101 0.00468780 0.00410283 0.00441127 0.00355590 0.00381923 0.00389861 0.00194606 0.00552617 0.00536784 0.00232002 0.00440844 0.00328147 0.00234857 0.00311035 0.00351682 0.00366891 0.00428015 0.00513665 0.00547647 0.00235821 0.00230453 0.00371518 0.00399202 0.00170719 0.00378249 0.00261144 0.00349489 0.00463233 0.00261790 0.00352140 0.00343606 0.00403969 0.00226382 0.00443992 0.00393790 0.00541173 0.00505052 0.00312148 0.00353989 0.00386329 0.00360588 0.00546437 0.00330918 0.00281337 0.00248904 0.00503431 0.00376673 0.00401687 0.00212481 0.00560510 0.00375504 0.00260796 0.00440879 0.00171935 0.00270520 0.00486378 0.00501293 0.00296365 0.00387239 0.00402170 0.00381553 0.00188555 0.00321834 0.00329823 0.00343090 
onnx::Conv_1406 0.00306135 0.00209268 0.00425127 0.00373884 0.00270070 0.00197867 0.00357571 0.00282574 0.00470702 0.00303134 0.00287864 0.00413714 0.00270158 0.00285910 0.00216185 0.00372092 0.00262976 0.00271797 0.00254041 0.00335294 0.00422453 0.00312736 0.00314632 0.00328944 0.00278720 0.00438048 0.00292639 0.00347141 0.00596707 0.00530605 0.00350035 0.00196410 0.00179039 0.00185724 0.00313231 0.00270629 0.00293403 0.00339110 0.00204593 0.00238947 0.00267723 0.00385194 0.00383390 0.00365890 0.00564767 0.00276608 0.00473904 0.00331882 0.00377445 0.00405841 0.00451424 0.00204089 0.00399861 0.00237453 0.00363089 0.00264486 0.00261019 0.00208208 0.00420302 0.00272416 0.00436847 0.00361057 0.00362477 0.00406833 0.00208024 0.00178750 0.00256497 0.00355705 0.00362993 0.00218298 0.00431938 0.00249144 0.00374478 0.00368815 0.00310569 0.00339317 0.00312053 0.00488214 0.00747698 0.00369597 0.00414546 0.00261731 0.00181891 0.00477829 0.00601669 0.00343925 0.00319116 0.00235111 0.00354763 0.00556372 0.00359490 0.00378425 0.00375252 0.00443667 0.00279149 0.00384734 0.00177287 0.00277211 0.00302668 0.00623849 0.00266641 0.00330670 0.00345624 0.00344691 0.00360238 0.00368125 0.00526818 0.00257553 0.00306248 0.00528552 0.00363393 0.00269993 0.00349328 0.00382397 0.00356223 0.00227447 0.00437256 0.00338084 0.00301780 0.00475270 0.00351236 0.00380701 0.00315184 0.00405873 0.00181086 0.00256315 0.00598685 0.00354094 0.00384833 0.00417067 0.00398877 0.00304223 0.00301777 0.00315895 0.00433027 0.00229442 0.00299705 0.00285279 0.00635727 0.00412744 0.00353467 0.00773856 0.00372176 0.00651683 0.00223662 0.00290995 0.00307681 0.00214019 0.00232084 0.00425619 0.00320699 0.00301806 0.00331583 0.00619526 0.00393893 0.00250547 0.00364068 0.00280982 0.00539962 0.00327318 0.00438068 0.00376834 0.00461289 0.00445745 0.00284137 0.00238719 0.00324031 0.00455987 0.00438632 0.00326540 0.00192413 0.00517063 0.00296669 0.00384269 0.00463061 0.00251221 0.00380210 0.00183910 0.00284946 0.00259049 0.00623698 0.00363311 0.00297365 0.00276730 0.00300160 0.00196418 0.00200951 0.00314542 0.00379526 0.00373696 0.00247632 0.00348890 0.00434648 0.00340110 0.00412517 0.00357755 0.00472776 0.00449929 0.00411015 0.00241843 0.00312780 0.00462834 0.00576838 0.00279960 0.00203636 0.00461966 0.00319597 0.00479114 0.00964347 0.00416306 0.00315759 0.00334280 0.00396261 0.00256024 0.00216782 0.00452395 0.00397328 0.00225818 0.00356688 0.00287943 0.00278764 0.00555439 0.00518643 0.00533461 0.00356836 0.00470324 0.00258395 0.00196174 0.00351176 0.00306096 0.00153547 0.00508433 0.00579399 0.00575171 0.00466306 0.00462190 0.00209304 0.00304612 0.00447476 0.00316888 0.00437155 0.00274974 0.00316086 0.00390310 0.00471155 0.00352961 0.00274801 0.00335202 0.00287188 0.00363818 0.00516887 0.00230874 0.00595463 0.00254521 0.00314279 0.00483616 
onnx::Conv_1463 0.00104681 0.00103197 0.00096880 0.00111842 0.00185921 0.00204062 0.00185225 0.00352445 0.00164396 0.00160134 0.00053273 0.00111299 0.00055059 0.00030511 0.00257321 0.00085570 0.00252361 0.00194168 0.00116011 0.00167124 0.00220112 0.00062983 0.00256249 0.00151670 0.00181495 0.00149938 0.00118808 0.00107013 0.00113873 0.00068531 0.00182995 0.00121759 0.00167590 0.00202107 0.00241358 0.00095737 0.00049373 0.00332004 0.00100134 0.00176719 0.00442840 0.00095825 0.00140592 0.00209103 0.00235324 0.00083734 0.00142075 0.00094443 0.00149584 0.00198242 0.00084121 0.00119823 0.00168370 0.00101632 0.00231943 0.00124178 0.00062147 0.00162479 0.00132820 0.00213263 0.00210927 0.00224757 0.00215739 0.00139365 
onnx::Conv_1436 0.00204237 0.00178839 0.00068180 0.00353706 0.00111917 0.00105151 0.00047566 0.00275573 0.00060392 0.00145133 0.00095062 0.00158589 0.00223894 0.00096609 0.00148566 0.00072965 0.00396618 0.00256707 0.00313847 0.00069232 0.00244609 0.00194497 0.00084415 0.00151435 0.00091049 0.00382265 0.00252326 0.00100897 0.00338181 0.00250296 0.00129141 0.00047155 0.00164660 0.00047804 0.00317133 0.00053327 0.00129145 0.00275119 0.00319526 0.00028145 0.00151322 0.00261326 0.00066160 0.00154119 0.00064716 0.00192738 0.00175043 0.00037497 0.00274543 0.00171992 0.00153199 0.00308629 0.00299548 0.00105226 0.00218860 0.00325211 0.00276255 0.00376885 0.00112506 0.00247421 0.00319138 0.00137858 0.00252672 0.00109185 
onnx::Conv_1409 0.00251901 0.00589577 0.00338328 0.00243655 0.00068848 0.00234700 0.00356846 0.00327440 0.00305172 0.00331684 0.00281965 0.00171391 0.00132770 0.00385914 0.00116324 0.00304699 0.00354264 0.00473155 0.00212440 0.00106027 0.00270793 0.00157558 0.00764916 0.00432159 0.00446928 0.00579013 0.00252256 0.00233171 0.00176384 0.00435564 0.00212977 0.00391523 0.00405932 0.00266322 0.00274837 0.00221154 0.00591775 0.00192018 0.00253778 0.00271886 0.00105127 0.00202316 0.00241205 0.00472404 0.00106263 0.00206804 0.00075861 0.00326297 0.00165816 0.00227139 0.00192167 0.00343604 0.00120446 0.00266521 0.00302169 0.00460981 0.00052005 0.00385766 0.00177073 0.00543506 0.00153233 0.00699786 0.00161322 0.00306431 
onnx::Conv_1466 0.00208485 0.00506522 0.00310249 0.00213113 0.00396484 0.00180292 0.00192886 0.00148281 0.00308626 0.00433403 0.00594472 0.00146181 0.00634145 0.00419396 0.00090090 0.00422206 0.00569647 0.00250310 0.00223834 0.00454583 0.00482471 0.00466101 0.00160338 0.00208828 0.00224811 0.00335026 0.00158781 0.00332399 0.00392951 0.00538515 0.00159464 0.00240898 0.00311884 0.00266169 0.00222773 0.00637337 0.00548174 0.00328457 0.00320049 0.00272365 0.00139699 0.00771550 0.00452191 0.00117486 0.00136236 0.00567712 0.00261332 0.00464499 0.00292443 0.00179355 0.00297945 0.00413976 0.00105687 0.00279630 0.00258375 0.01818275 0.00310562 0.00495650 0.00353670 0.00230179 0.00156971 0.00433725 0.00331567 0.00300137 
onnx::Conv_1478 0.00393240 0.00324915 0.00585024 0.00283625 0.00535671 0.00379453 0.00653737 0.00530763 0.00512697 0.01096180 0.02832342 0.00502288 0.02122491 0.02220901 0.00394749 0.00719588 0.00652645 0.00384523 0.00190982 0.00502881 0.00476083 0.01346081 0.00445518 0.00239817 0.00794164 0.00738136 0.00188047 0.00312240 0.00338804 0.01201323 0.00602306 0.00618972 0.00697865 0.00172116 0.00193771 0.00932799 0.04058602 0.00239540 0.01083610 0.00441342 0.00881169 0.00897020 0.00951086 0.00366841 0.00319259 0.00767113 0.00427165 0.00473925 0.00569150 0.00754082 0.01094693 0.00542642 0.00339769 0.01362326 0.00984855 0.02209524 0.02416807 0.00736969 0.00927780 0.00318513 0.00171063 0.00698924 0.00670188 0.00955438 
onnx::Conv_1439 0.00313356 0.00578440 0.00942322 0.00355900 0.00965148 0.00429606 0.02485052 0.00474550 0.01091813 0.00308302 0.00256320 0.00260210 0.00188875 0.00447060 0.00332111 0.00604044 0.00202935 0.00402929 0.00290267 0.00862283 0.01038186 0.00166073 0.01017198 0.00255680 0.00424575 0.00194077 0.00190950 0.00569087 0.00138626 0.00150368 0.00776727 0.01147993 0.00395738 0.00848020 0.00455351 0.02924628 0.00750828 0.00236373 0.00552916 0.02254553 0.00399938 0.00366624 0.00449803 0.00414196 0.00688882 0.00142253 0.00574587 0.00685263 0.00247613 0.00937558 0.00481764 0.00313022 0.00753644 0.00348570 0.00308099 0.00254843 0.00308494 0.00187105 0.00376155 0.00131932 0.00370392 0.00514895 0.00352661 0.00449376 
onnx::Conv_1451 0.00892765 0.01955106 0.02573536 0.00323711 0.02002683 0.00737928 0.05294544 0.00556843 0.04077675 0.01062314 0.01185541 0.02014182 0.00863751 0.01391993 0.00648577 0.01811631 0.00705403 0.00658267 0.00941537 0.02934675 0.01797767 0.00932966 0.00876656 0.00771976 0.01412191 0.00401744 0.00817445 0.02217534 0.00844041 0.00623845 0.01493096 0.04675921 0.01087405 0.01344481 0.00685138 0.03951196 0.00729291 0.00981199 0.01177070 0.07204670 0.01569877 0.00529559 0.01300590 0.00918167 0.01615985 0.00289539 0.00778852 0.04761899 0.00569632 0.00894893 0.00862341 0.00442509 0.01306780 0.01097638 0.00487510 0.00660099 0.00537728 0.00454871 0.01855683 0.00779029 0.00809915 0.01673084 0.00826156 0.00856942 
onnx::Conv_1412 0.01341348 0.00349687 0.00797770 0.00764181 0.01511876 0.00319919 0.00430750 0.00393464 0.00227705 0.00196995 0.00517779 0.00348504 0.01278971 0.00320835 0.01155590 0.00503240 0.00430496 0.00289262 0.00531793 0.00792015 0.01009084 0.00640486 0.00436776 0.00305997 0.00171251 0.00304351 0.00183882 0.01218797 0.01266038 0.00192198 0.00624227 0.00205199 0.00272591 0.00182645 0.00210178 0.00459678 0.00613086 0.01045064 0.00399417 0.00694666 0.00620613 0.00266683 0.00789993 0.00183017 0.00354674 0.00473762 0.00926138 0.00423535 0.00156660 0.00257359 0.00934623 0.00351748 0.01421195 0.00496609 0.00353924 0.00126001 0.00822539 0.00355873 0.00267438 0.00612548 0.00369325 0.00318518 0.00224457 0.00311720 
onnx::Conv_1424 0.00839180 0.00502375 0.00721848 0.01075229 0.02259558 0.00830116 0.00529753 0.00909359 0.00575819 0.00586822 0.00592998 0.00572837 0.01406700 0.00940661 0.01572158 0.00741988 0.01069394 0.00502257 0.01349581 0.01091380 0.01288936 0.00899369 0.00479551 0.00474447 0.00534487 0.00853737 0.00541270 0.02094902 0.01852207 0.00371631 0.00904747 0.00513124 0.01049523 0.00683002 0.00981332 0.00691178 0.00595330 0.01721476 0.01344276 0.01082301 0.01454597 0.00595208 0.01122982 0.00403242 0.03153188 0.00394160 0.01108129 0.01310848 0.01106412 0.00827328 0.00911477 0.01363384 0.01676637 0.00876997 0.01577516 0.00365393 0.01073084 0.00457006 0.01275781 0.03414357 0.01183618 0.00314533 0.00496887 0.01484057 
onnx::Conv_1469 0.01179754 0.00709932 0.00604349 0.01272072 0.00508001 0.00477260 0.01118318 0.00668997 0.00617213 0.01046133 0.00546919 0.00754330 0.00829353 0.00918080 0.00470928 0.00909305 0.01058687 0.00905535 0.01135911 0.00709230 0.01080688 0.01599410 0.00649644 0.00845622 0.01687196 0.01007305 0.01325575 0.00966436 0.00967950 0.01277637 0.01207864 0.01176732 0.00943334 0.01029043 0.00600532 0.00437575 0.00711389 0.01199568 0.00973725 0.00906422 0.00923994 0.00607371 0.01010788 0.01050267 0.01326157 0.00205582 0.00636923 0.00708537 0.00634079 0.00885260 0.02051695 0.00672261 0.00892150 0.00939455 0.01496184 0.00666518 0.01271868 0.00985533 0.00588934 0.01066227 0.00699195 0.01013127 0.01023795 0.00973822 
onnx::Conv_1481 0.00890997 0.00588566 0.00436517 0.00432441 0.00985665 0.00346944 0.00418842 0.00646680 0.00567751 0.00202796 0.00214926 0.00307222 0.00707996 0.00542059 0.00448208 0.00300111 0.00553857 0.00181140 0.00724191 0.00371695 0.00471767 0.00599629 0.00507572 0.00722234 0.00609462 0.00520629 0.00554864 0.00497977 0.01188214 0.00231897 0.00433803 0.00714317 0.00292469 0.00602978 0.00500552 0.00454218 0.00305548 0.00404837 0.00331700 0.00558101 0.00840366 0.00869331 0.00219754 0.00199108 0.00477503 0.00239170 0.00840224 0.00203844 0.00108165 0.00529828 0.01100593 0.00501148 0.00206212 0.00680717 0.00387556 0.01023142 0.00731438 0.00590310 0.00666706 0.00746805 0.00546594 0.00604423 0.00632405 0.00533946 
onnx::Conv_1442 0.00381761 0.01274914 0.00665795 0.00409233 0.00235069 0.00698010 0.00735671 0.01165431 0.00258384 0.00502417 0.00810274 0.00319343 0.00625053 0.00557348 0.00463155 0.00738162 0.00604461 0.00746265 0.00511236 0.00468051 0.00851041 0.00464076 0.01300139 0.00431838 0.00455802 0.00574899 0.00709939 0.00614484 0.00548248 0.00682240 0.00702956 0.00995700 0.00517575 0.01573823 0.00446451 0.00458743 0.00984113 0.00619301 0.00366304 0.00403044 0.00848438 0.00747833 0.00389444 0.01046598 0.00445117 0.00396786 0.00601206 0.00631599 0.01111285 0.01219324 0.00917252 0.00754132 0.00789184 0.00519361 0.00527946 0.00646881 0.00809644 0.00809870 0.00432097 0.00514193 0.00440800 0.00924204 0.00399067 0.01232572 
onnx::Conv_1454 0.00062414 0.00222153 0.00595410 0.00615784 0.00184953 0.00031305 0.00523328 0.00131124 0.00310639 0.00574785 0.00469648 0.00186385 0.00282123 0.00240198 0.00577820 0.00302955 0.00288092 0.00394359 0.00201410 0.00259908 0.00094983 0.00785222 0.00867810 0.00355904 0.00768627 0.00313270 0.00354302 0.00528906 0.00300238 0.00859252 0.00066664 0.00460061 0.00150454 0.00484896 0.00196232 0.01224350 0.00164519 0.00086311 0.00521050 0.00615851 0.00853829 0.00257678 0.00405661 0.00094043 0.00239007 0.00027471 0.00250624 0.00031602 0.00278356 0.00286663 0.00251705 0.00369361 0.00371789 0.00164612 0.00343753 0.00158539 0.00255316 0.00260373 0.00556566 0.00561646 0.00364608 0.00053238 0.00455855 0.00328944 
onnx::Conv_1415 0.01097162 0.00229931 0.01066847 0.00628179 0.00415360 0.00522155 0.00670657 0.00349893 0.00701851 0.00566767 0.00614601 0.00986679 0.00949982 0.02781940 0.00396830 0.00496063 0.00506812 0.00616077 0.00849017 0.00218978 0.01026241 0.01335982 0.00535248 0.00312235 0.01172894 0.00593208 0.01431780 0.00778813 0.00710248 0.00891844 0.00617352 0.00744084 0.00338040 0.00751066 0.00384783 0.00778771 0.00560708 0.00580409 0.01016637 0.00789970 0.00479087 0.00476514 0.00784031 0.00496021 0.00218502 0.00777105 0.00592340 0.00638982 0.00525213 0.00501658 0.01585165 0.00761784 0.00550212 0.00726127 0.00685704 0.00397162 0.00701060 0.00546999 0.00438530 0.00642516 0.00664062 0.00915424 0.01215171 0.00754035 
onnx::Conv_1427 0.00051052 0.00227845 0.00078961 0.00643358 0.00103231 0.00252995 0.00235521 0.01005255 0.00375058 0.00129894 0.00228973 0.00273141 0.00335830 0.00320376 0.00257945 0.00474870 0.00456994 0.00071316 0.00543261 0.00261216 0.00287703 0.00347284 0.00113797 0.00801942 0.00423835 0.00437578 0.00119966 0.00782174 0.00564377 0.00184205 0.00075910 0.00259047 0.00338270 0.00027614 0.00285476 0.00101002 0.00127738 0.00148778 0.00763914 0.00338564 0.00361381 0.00153012 0.00058680 0.01087891 0.00367320 0.00903398 0.00226091 0.00937784 0.00248638 0.00263546 0.00409121 0.00398977 0.00225082 0.01656982 0.00118692 0.00305322 0.00889601 0.00061216 0.00153774 0.00877868 0.00795649 0.00309630 0.00215260 0.00256149 
onnx::Conv_1472 0.00449853 0.00459931 0.00405621 0.00240461 0.00364228 0.00380521 0.00515866 0.00373122 0.00406511 0.01385876 0.00653388 0.00362108 0.01193969 0.00614113 0.00884545 0.00263982 0.00440582 0.00431167 0.00442705 0.00425338 0.00365384 0.00714931 0.01292300 0.00521548 0.03373553 0.04806416 0.00755339 0.00313867 0.00318412 0.00346300 0.00387440 0.00417192 0.00436607 0.00341915 0.00966753 0.00235578 0.00983037 0.00227022 0.02201135 0.00335992 0.00436048 0.00377025 0.00847108 0.00312337 0.00554700 0.02243919 0.00372929 0.00621959 0.00499755 0.01107682 0.00535260 0.00791293 0.00485740 0.01047456 0.00423085 0.00342560 0.00438101 0.00339010 0.01827952 0.00410903 0.00598880 0.01129803 0.00378300 0.00505985 
onnx::Conv_1484 0.00194564 0.00499545 0.00288270 0.01679288 0.00227065 0.01742489 0.00942862 0.00644566 0.00352483 0.02147473 0.00945703 0.01724990 0.01183746 0.00447163 0.00395796 0.01765730 0.00856918 0.00889310 0.00315234 0.03404982 0.00361793 0.00231526 0.00202296 0.00275184 0.00567639 0.00345958 0.00492805 0.00842230 0.01026860 0.00372645 0.02248552 0.00278167 0.02527729 0.00750261 0.00218278 0.00409421 0.00576447 0.00542753 0.01925534 0.00176933 0.00240473 0.02538725 0.01112817 0.01195430 0.00338002 0.00392796 0.00358810 0.00978301 0.01508939 0.00403705 0.00643156 0.00386451 0.01230105 0.01464400 0.00597022 0.00187734 0.00220701 0.01281848 0.00371846 0.00333209 0.00155336 0.00479388 0.00169662 0.01390766 
onnx::Conv_1445 0.02402221 0.00750107 0.00451303 0.00866031 0.00664805 0.00971106 0.00505196 0.00572540 0.00279201 0.00564263 0.01012822 0.00571003 0.00562489 0.00753368 0.00643868 0.03862729 0.00631595 0.00517590 0.00792491 0.01047851 0.00368452 0.00816035 0.00408836 0.00293190 0.00522117 0.00475040 0.00715486 0.01115569 0.00976327 0.00304089 0.00656996 0.00621861 0.00418055 0.02172127 0.00383793 0.00835044 0.01044788 0.00204481 0.00372749 0.00789103 0.03711430 0.00474890 0.00457045 0.01088197 0.01051426 0.00436746 0.00883964 0.00812585 0.05117784 0.00579592 0.00438866 0.00381441 0.01076047 0.00264706 0.00509970 0.00731277 0.00250940 0.00382276 0.00982688 0.01692332 0.00673149 0.00543206 0.01276154 0.00262471 
onnx::Conv_1457 0.01476924 0.01576287 0.00221101 0.00392788 0.00570369 0.03409624 0.00333183 0.02539066 0.00668800 0.00701446 0.00269306 0.01351288 0.00975368 0.00461740 0.00187739 0.00929070 0.00414768 0.00914994 0.00603891 0.01354413 0.01437920 0.00379746 0.01054649 0.00816915 0.00169877 0.00663145 0.00612683 0.00211121 0.00188066 0.00137107 0.00495575 0.00235711 0.00921799 0.01198019 0.02022113 0.00593389 0.02112221 0.01219020 0.01471304 0.00187627 0.00216333 0.01786264 0.00205879 0.01001760 0.00120800 0.06319890 0.00207019 0.05981554 0.01814120 0.00966989 0.02300648 0.00771017 0.00411147 0.01395528 0.00392616 0.01180744 0.00291682 0.00253009 0.00418254 0.01228071 0.00347527 0.03426892 0.01224961 0.04312904 
onnx::Conv_1418 0.00232707 0.04071024 0.00315878 0.00762241 0.00369088 0.00363391 0.00262559 0.02269090 0.02031658 0.00641691 0.00892982 0.01795868 0.01356137 0.00131908 0.01357308 0.01041104 0.00392052 0.00387972 0.00478783 0.00415402 0.00517618 0.00193460 0.01080893 0.01187929 0.00844539 0.00588409 0.00246232 0.00435966 0.00264723 0.00368883 0.00918855 0.00236068 0.00604061 0.00161915 0.00985544 0.00274874 0.00129167 0.00390713 0.00373371 0.00316135 0.00165281 0.00280691 0.00325243 0.00380226 0.00599871 0.00867074 0.00654973 0.00229322 0.00214825 0.00259474 0.00230288 0.00535651 0.00361971 0.00421766 0.00401170 0.00593864 0.00916820 0.00311675 0.00274504 0.00333498 0.00598266 0.00298825 0.00396788 0.00480740 
onnx::Conv_1430 0.03809538 0.00889578 0.01710668 0.00422146 0.01594891 0.00750715 0.01491950 0.00324480 0.00251100 0.00750482 0.02647599 0.00295084 0.01064351 0.00378537 0.00527882 0.00262285 0.00312519 0.01451319 0.00266122 0.01757633 0.01362768 0.00305925 0.03160844 0.00223892 0.00287814 0.00251590 0.01187876 0.00106718 0.00391503 0.01637961 0.02323308 0.01798581 0.00579972 0.08209813 0.00606751 0.01787309 0.02543708 0.00411039 0.00336940 0.01121448 0.00770305 0.00744689 0.02157439 0.01012767 0.00615038 0.00230600 0.00451023 0.00164956 0.01013733 0.00334653 0.02471505 0.00418582 0.00637028 0.00644409 0.00863148 0.00248975 0.00206860 0.01770951 0.01727880 0.00604879 0.00409341 0.00449337 0.02940355 0.01933926 
onnx::Conv_1475 0.01611746 0.05351033 0.01292621 0.01270512 0.01427613 0.04155874 0.01086988 0.01840252 0.02046470 0.02150882 0.01843605 0.03179843 0.02032126 0.02744934 0.01777677 0.01255346 0.01613357 0.01065407 0.01242485 0.01768646 0.01169414 0.01199410 0.01679553 0.01193732 0.01187890 0.01827543 0.02310757 0.01768648 0.01840534 0.01631281 0.01998919 0.02555079 0.00675768 0.02193834 0.00854111 0.01236005 0.03418048 0.02196920 0.01397305 0.01825841 0.01118569 0.00841967 0.02317423 0.02574506 0.02343866 0.01778967 0.01092602 0.03840859 0.01684763 0.00952085 0.03323147 0.01578693 0.01720780 0.01675111 0.01978763 0.02759374 0.01899681 0.03459462 0.01327986 0.01118561 0.01798692 0.01497395 0.01411570 0.01783086 
onnx::Conv_1487 0.00437864 0.00231400 0.00218636 0.00393901 0.00666185 0.00597798 0.00761249 0.00429809 0.00686302 0.00161433 0.00362687 0.01022602 0.01611538 0.00345136 0.00243783 0.00129943 0.00108093 0.00679556 0.00473424 0.00584334 0.00266748 0.00128881 0.00232539 0.00217334 0.00527728 0.00252951 0.00998846 0.00675631 0.01373646 0.00307138 0.00367652 0.00428968 0.00768407 0.00647997 0.00139228 0.00426133 0.00539544 0.00314902 0.01518563 0.00251155 0.01523114 0.00692883 0.00556653 0.00531982 0.00066060 0.00119341 0.00330255 0.00142885 0.00613225 0.00128146 0.00196670 0.00210455 0.00419712 0.00363740 0.01127159 0.00190391 0.00164184 0.00472760 0.00283380 0.00142908 0.00130735 0.01458281 0.00397163 0.00488579 
onnx::Conv_1448 0.01698836 0.01372287 0.01231773 0.00447072 0.01512895 0.00982498 0.01416223 0.01877338 0.02102632 0.01769027 0.01503720 0.02622291 0.02597246 0.02521500 0.00991504 0.00879490 0.01109427 0.01829336 0.01037056 0.00841996 0.01086321 0.01365076 0.01033000 0.02468176 0.02637920 0.01992830 0.01494898 0.01441042 0.01647756 0.01627030 0.00912756 0.00878159 0.02276005 0.02778516 0.01871209 0.03086336 0.01571227 0.01519355 0.01274294 0.01298085 0.02202098 0.01148087 0.01780939 0.02549521 0.01322632 0.00854818 0.01473753 0.01054043 0.01772830 0.01142238 0.02616069 0.01304296 0.02676111 0.02091501 0.01509860 0.01750762 0.01718109 0.01300582 0.01518257 0.01520475 0.01917578 0.02676576 0.01345850 0.00831188 
onnx::Conv_1460 0.00138250 0.00713501 0.01158608 0.00285114 0.00266317 0.01050847 0.00136543 0.00147842 0.00248731 0.00488181 0.00808550 0.01023989 0.00143936 0.00098628 0.00439924 0.00416549 0.01309406 0.01629613 0.00192091 0.00579133 0.00280814 0.00230169 0.00197771 0.00203957 0.00154163 0.00283175 0.00154730 0.00127604 0.00165026 0.00541817 0.00513957 0.00137523 0.00568862 0.00163014 0.00807492 0.00316853 0.00202405 0.01363742 0.01844552 0.00793022 0.00719922 0.01771392 0.00514495 0.00333473 0.00260220 0.01161736 0.00135447 0.00646285 0.00531582 0.01240451 0.00113860 0.01328343 0.03440899 0.00489935 0.00974438 0.00298305 0.00289737 0.00874451 0.00126630 0.00133354 0.01225049 0.00913058 0.00157268 0.00300659 
onnx::Conv_1421 0.02664394 0.01055873 0.01752869 0.04278248 0.01842489 0.02002854 0.02020577 0.01219003 0.01958174 0.01772160 0.02321341 0.01067841 0.02788981 0.02610610 0.01185049 0.03201112 0.02830167 0.01667380 0.02006571 0.01585329 0.01731536 0.01317335 0.02247372 0.01384345 0.01625083 0.01278810 0.01006870 0.01810737 0.03171135 0.02153120 0.02249344 0.03271819 0.01403078 0.01947647 0.01604114 0.01769914 0.01923564 0.02492125 0.01739980 0.01108944 0.01187349 0.02132805 0.02511287 0.01980821 0.01734952 0.01589273 0.02337563 0.00983370 0.01844738 0.02667058 0.02055735 0.02049007 0.02208258 0.01584223 0.01581876 0.02646762 0.01725198 0.01970425 0.02307538 0.01799532 0.02822029 0.02059195 0.02363861 0.01831814 
onnx::Conv_1433 0.00670596 0.00112920 0.00293692 0.00606951 0.00231183 0.00274663 0.00943713 0.00530903 0.00531100 0.00093044 0.00600590 0.00222084 0.00640798 0.00841829 0.00491507 0.00084802 0.00353507 0.00292593 0.00762981 0.02886932 0.00064286 0.01144930 0.01095573 0.00564350 0.00433283 0.00121492 0.00423254 0.00150596 0.00223421 0.00096125 0.00164323 0.00123360 0.00317458 0.00785878 0.00283047 0.00264563 0.00843198 0.00057979 0.00151194 0.00079475 0.00096163 0.00165031 0.00148558 0.00940393 0.00349568 0.00505746 0.00288851 0.00350639 0.00286004 0.00268149 0.00480794 0.00237416 0.00530172 0.00111615 0.00122564 0.00650757 0.00422484 0.01097565 0.00357557 0.00109941 0.00203404 0.00342896 0.00257264 0.00160858 
head.cls_preds.2.weight 0.00066012 0.00079724 0.00068395 0.00064306 0.00066978 0.00063259 0.00066715 0.00062586 0.00063206 0.00070565 0.00073381 0.00070145 0.00066277 0.00065954 0.00063340 0.00063951 
head.obj_preds.2.weight 0.00471447 
head.cls_preds.1.weight 0.00087485 0.00095576 0.00091617 0.00071631 0.00079859 0.00096756 0.00084350 0.00078628 0.00108533 0.00113421 0.00100772 0.00085192 0.00084335 0.00084508 0.00108742 0.00089246 
head.obj_preds.1.weight 0.00808597 
head.cls_preds.0.weight 0.00094689 0.00102813 0.00106036 0.00103532 0.00111076 0.00102416 0.00098356 0.00100451 0.00094554 0.00100857 0.00096286 0.00113772 0.00106448 0.00096636 0.00099344 0.00091481 
head.obj_preds.0.weight 0.00895755 
head.reg_preds.2.weight 0.00229197 0.00179978 0.00347237 0.00345723 
head.reg_preds.1.weight 0.00552659 0.00373265 0.00426320 0.00413824 
head.reg_preds.0.weight 0.00552675 0.00499948 0.00458524 0.00461136 
