onnx::Conv_1179 0.00001697 0.00148094 0.00087082 0.00000450 0.00029989 0.00001243 0.00111094 0.00007512 0.00040616 0.00090415 0.00025213 0.00000728 0.00091923 0.00000833 0.00000133 0.00001477 
onnx::Conv_1182 0.00580111 0.00037454 0.00084013 0.01927807 0.00107268 0.00632783 0.00048452 0.00708315 0.00083728 0.00053701 0.01274042 0.06834412 0.00053993 0.01992312 0.15787528 0.03759363 
onnx::Conv_1185 0.00579469 0.00525759 0.00514952 0.00872368 0.00284541 0.00659214 0.01615192 0.00673181 0.02099122 0.00496090 0.01074488 0.02166837 0.00515697 0.00601193 0.00644938 0.00971640 0.01413007 0.00480996 0.00274887 0.00337585 0.00453318 0.01472734 0.00585021 0.01528656 0.01624909 0.00587952 0.00408482 0.00370395 0.00905313 0.02572594 0.00724734 0.00647079 
onnx::Conv_1188 0.00072542 0.00144024 0.00138655 0.00065574 0.00062853 0.00072083 0.00102347 0.00117209 0.00085764 0.00122044 0.00094131 0.00130995 0.00046758 0.00113466 0.00097505 0.00053489 
onnx::Conv_1194 0.00015008 0.00012374 0.00019892 0.00016031 0.00005995 0.00012318 0.00008718 0.00008565 0.00029574 0.00014211 0.00016001 0.00109541 0.00004838 0.00045780 0.00010428 0.00010240 
onnx::Conv_1197 0.01297873 0.01062402 0.00795482 0.00438068 0.01947376 0.01398690 0.00660444 0.00845537 0.00327103 0.00686446 0.00367987 0.00217229 0.01513829 0.00207626 0.00717306 0.01773757 
onnx::Conv_1200 0.00303933 0.00309700 0.00436530 0.00158738 0.00262261 0.00384694 0.00234209 0.00226559 0.00248518 0.00122604 0.00219742 0.00077744 0.01042437 0.00236603 0.00365811 0.00156665 
onnx::Conv_1191 0.00140658 0.00174795 0.00182901 0.00184252 0.00112092 0.00186300 0.00170549 0.00085171 0.00226698 0.00169691 0.00299961 0.00123397 0.00215550 0.00269131 0.00131027 0.00131734 
onnx::Conv_1203 0.00037881 0.00097138 0.00070734 0.00024057 0.00015502 0.00081310 0.00020102 0.00126754 0.00014836 0.00012103 0.00247899 0.00016743 0.00104902 0.00086901 0.00119625 0.00009937 0.00054247 0.00007405 0.00021670 0.00013483 0.00024238 0.00251875 0.00026138 0.00009697 0.00090067 0.00239569 0.00026940 0.00090744 0.00091218 0.00014643 0.00063743 0.00013202 
onnx::Conv_1206 0.00375343 0.00168647 0.00622418 0.00622671 0.01413715 0.00074090 0.00899900 0.00043577 0.01375666 0.01040145 0.00023028 0.01838467 0.00056268 0.00040244 0.00037261 0.00538435 0.00650659 0.01730847 0.00506582 0.01122240 0.00364436 0.00025519 0.00333957 0.02386459 0.00065348 0.00031283 0.00516122 0.00149864 0.00082112 0.00857478 0.00081297 0.00852079 
onnx::Conv_1209 0.00228482 0.00089897 0.00092047 0.00103356 0.00159788 0.00106082 0.00181457 0.00167110 0.00089314 0.00172586 0.00138565 0.00095840 0.00212984 0.00102100 0.00088813 0.00158608 0.00143995 0.00084701 0.00147085 0.00311854 0.00080402 0.00151177 0.00144039 0.00191027 0.00273616 0.00126175 0.00166151 0.00155387 0.00151958 0.00027912 0.00113061 0.00154336 0.00086304 0.00116621 0.00169129 0.00093948 0.00189823 0.00135736 0.00089566 0.00223592 0.00147837 0.00170554 0.00121619 0.00082380 0.00277157 0.00106008 0.00197131 0.00173439 0.00075206 0.00143017 0.00152437 0.00132640 0.00137734 0.00088894 0.00074158 0.00045078 0.00143480 0.00113704 0.00189800 0.00171464 0.00101089 0.00094282 0.00106548 0.00157490 
onnx::Conv_1212 0.00022218 0.00018352 0.00013168 0.00043251 0.00021502 0.00027843 0.00027712 0.00017431 0.00012831 0.00050207 0.00038790 0.00016837 0.00045921 0.00025427 0.00024014 0.00026870 0.00014383 0.00018496 0.00013479 0.00016769 0.00020518 0.00020929 0.00028409 0.00025661 0.00026308 0.00012390 0.00019558 0.00025127 0.00017134 0.00013775 0.00037098 0.00020037 
onnx::Conv_1218 0.00023572 0.00003813 0.00013184 0.00005492 0.00028938 0.00023249 0.00012366 0.00030926 0.00007383 0.00007908 0.00037502 0.00031060 0.00008319 0.00012207 0.00004524 0.00046467 0.00023633 0.00008284 0.00011478 0.00010241 0.00012918 0.00022047 0.00006556 0.00014083 0.00004816 0.00013949 0.00011446 0.00015076 0.00020402 0.00025798 0.00009968 0.00006195 
onnx::Conv_1221 0.00170791 0.00799514 0.00127454 0.00602791 0.00164390 0.00052966 0.00171576 0.00037658 0.00464414 0.00129876 0.00050226 0.00047246 0.00095440 0.00057844 0.01195830 0.00023636 0.00097324 0.00402324 0.00146179 0.00260468 0.00153752 0.00063331 0.00450255 0.00267536 0.00282058 0.00215364 0.00297159 0.00343377 0.00075851 0.00045974 0.00276792 0.00256845 
onnx::Conv_1224 0.00032040 0.00015652 0.00027720 0.00037902 0.00029154 0.00024636 0.00045116 0.00039916 0.00066077 0.00016460 0.00037656 0.00030864 0.00019539 0.00021911 0.00020434 0.00024120 0.00025675 0.00037294 0.00026345 0.00022979 0.00036597 0.00018931 0.00021501 0.00017799 0.00020832 0.00034946 0.00047794 0.00034804 0.00029520 0.00024859 0.00035695 0.00030982 
onnx::Conv_1227 0.00009402 0.00008271 0.00008590 0.00008246 0.00070842 0.00026275 0.00029893 0.00006650 0.00034645 0.00007066 0.00007434 0.00009071 0.00010543 0.00028262 0.00024370 0.00034400 0.00076147 0.00033034 0.00008119 0.00042206 0.00008382 0.00008645 0.00011576 0.00018062 0.00007602 0.00029343 0.00010776 0.00005574 0.00006772 0.00013533 0.00013928 0.00027441 
onnx::Conv_1230 0.00462231 0.00680160 0.00247406 0.00295621 0.00019364 0.00023971 0.00040342 0.00136340 0.00078634 0.00330515 0.00341249 0.00214511 0.00455106 0.00022420 0.00040471 0.00039678 0.00030388 0.00032318 0.00165805 0.00061115 0.00357970 0.00598996 0.00607276 0.00103356 0.00622816 0.00054415 0.00114622 0.00464683 0.00280423 0.00345326 0.00100101 0.00078526 
onnx::Conv_1233 0.00027016 0.00023557 0.00022784 0.00037817 0.00024616 0.00032352 0.00039685 0.00026439 0.00024146 0.00025123 0.00023329 0.00020701 0.00037179 0.00023043 0.00027583 0.00023286 0.00015470 0.00035749 0.00017344 0.00021502 0.00049217 0.00036020 0.00019418 0.00040986 0.00027569 0.00014100 0.00016282 0.00025630 0.00023483 0.00035839 0.00047490 0.00023365 
onnx::Conv_1236 0.00009914 0.00040633 0.00012090 0.00011607 0.00032909 0.00019493 0.00010320 0.00018451 0.00024035 0.00026716 0.00022656 0.00031633 0.00006591 0.00008919 0.00006063 0.00022358 0.00028335 0.00030011 0.00030389 0.00006462 0.00036412 0.00008894 0.00014313 0.00027124 0.00009837 0.00012222 0.00026083 0.00015132 0.00036226 0.00049088 0.00007277 0.00037308 
onnx::Conv_1239 0.00077449 0.00027258 0.00138648 0.00092542 0.00020442 0.00060549 0.00141393 0.00053231 0.00035455 0.00048573 0.00074523 0.00018730 0.00284091 0.00098706 0.00197782 0.00028570 0.00045985 0.00042384 0.00047038 0.00350645 0.00034161 0.00408725 0.00116057 0.00137102 0.00272874 0.00283541 0.00066842 0.00043417 0.00020303 0.00019921 0.00216341 0.00022370 
onnx::Conv_1242 0.00046534 0.00048160 0.00051246 0.00051678 0.00056791 0.00041839 0.00059121 0.00028299 0.00036070 0.00042601 0.00020396 0.00020874 0.00037247 0.00046189 0.00029637 0.00022564 0.00024851 0.00054493 0.00027918 0.00044151 0.00031516 0.00030865 0.00029888 0.00026318 0.00012424 0.00022845 0.00008566 0.00028089 0.00021566 0.00038610 0.00034996 0.00044488 
onnx::Conv_1215 0.00036631 0.00065084 0.00054375 0.00039425 0.00073734 0.00048150 0.00041586 0.00066144 0.00053575 0.00035283 0.00061050 0.00100702 0.00101663 0.00070512 0.00046049 0.00049699 0.00099577 0.00040863 0.00074903 0.00035904 0.00040991 0.00037905 0.00076765 0.00037241 0.00048156 0.00042869 0.00053809 0.00053519 0.00040845 0.00057101 0.00036309 0.00052102 
onnx::Conv_1245 0.00024516 0.00029175 0.00028716 0.00011574 0.00029285 0.00024365 0.00032171 0.00026459 0.00017089 0.00026003 0.00021155 0.00014921 0.00033115 0.00023197 0.00041518 0.00017371 0.00018487 0.00030803 0.00014134 0.00016465 0.00024567 0.00017073 0.00021555 0.00023836 0.00036767 0.00009163 0.00029939 0.00033611 0.00032210 0.00022542 0.00021149 0.00014516 0.00018801 0.00018854 0.00032105 0.00021629 0.00027528 0.00030444 0.00013110 0.00022858 0.00028562 0.00022568 0.00011554 0.00023613 0.00013998 0.00017039 0.00021159 0.00025654 0.00027803 0.00031858 0.00009279 0.00016154 0.00019204 0.00026182 0.00023882 0.00024577 0.00024277 0.00024625 0.00043792 0.00023493 0.00018380 0.00024171 0.00017487 0.00028193 
onnx::Conv_1248 0.00013195 0.00023860 0.00015264 0.00020924 0.00021265 0.00042547 0.00019756 0.00016199 0.00035545 0.00038468 0.00021100 0.00009628 0.00011479 0.00014486 0.00015026 0.00017160 0.00014949 0.00007341 0.00014951 0.00013677 0.00038430 0.00011654 0.00014966 0.00019371 0.00011897 0.00016430 0.00026772 0.00010436 0.00012837 0.00020668 0.00014023 0.00021526 0.00020951 0.00014394 0.00026739 0.00009364 0.00011506 0.00023478 0.00046964 0.00018264 0.00014456 0.00012153 0.00015372 0.00020744 0.00010397 0.00019269 0.00016052 0.00036279 0.00016239 0.00023244 0.00012793 0.00015082 0.00012105 0.00017137 0.00029677 0.00040289 0.00022245 0.00015324 0.00017679 0.00017593 0.00009864 0.00010235 0.00017872 0.00011664 
onnx::Conv_1251 0.00046235 0.00042311 0.00033458 0.00035725 0.00040337 0.00058319 0.00030748 0.00041233 0.00071824 0.00053140 0.00078729 0.00072264 0.00065135 0.00072018 0.00043236 0.00054720 0.00079537 0.00103864 0.00056624 0.00053878 0.00061647 0.00032852 0.00104492 0.00080384 0.00074901 0.00048221 0.00052867 0.00064747 0.00078135 0.00024429 0.00044813 0.00066427 0.00050035 0.00073645 0.00097001 0.00034804 0.00032470 0.00056013 0.00106440 0.00096175 0.00069323 0.00048201 0.00070684 0.00058135 0.00038618 0.00067766 0.00045827 0.00069984 0.00084961 0.00053539 0.00147317 0.00040407 0.00069845 0.00039500 0.00044354 0.00050110 0.00062193 0.00050096 0.00058041 0.00036856 0.00064760 0.00074239 0.00044087 0.00051242 0.00042712 0.00133033 0.00071376 0.00092113 0.00065678 0.00111016 0.00051943 0.00086207 0.00072454 0.00068943 0.00069627 0.00108706 0.00063376 0.00041648 0.00038286 0.00044784 0.00055954 0.00060908 0.00051241 0.00089675 0.00048718 0.00070777 0.00051688 0.00058748 0.00064509 0.00041573 0.00078789 0.00073460 0.00044101 0.00059723 0.00106391 0.00031712 0.00043981 0.00049171 0.00110517 0.00046166 0.00059554 0.00072275 0.00033984 0.00069143 0.00042527 0.00095716 0.00044105 0.00037653 0.00043093 0.00071148 0.00034990 0.00097971 0.00074417 0.00060896 0.00048480 0.00053416 0.00171068 0.00059241 0.00077911 0.00040742 0.00059396 0.00064247 0.00042067 0.00099476 0.00049657 0.00062070 0.00090982 0.00031945 
onnx::Conv_1254 0.00023651 0.00007333 0.00005497 0.00005837 0.00009746 0.00014441 0.00011273 0.00012496 0.00013828 0.00005659 0.00009974 0.00014893 0.00014003 0.00011124 0.00007064 0.00011542 0.00016045 0.00018795 0.00007274 0.00007772 0.00005713 0.00009566 0.00010824 0.00024892 0.00016100 0.00006993 0.00007275 0.00006651 0.00004625 0.00007158 0.00015368 0.00005768 0.00010746 0.00005423 0.00006945 0.00005388 0.00007962 0.00005910 0.00007816 0.00006531 0.00009294 0.00007116 0.00013374 0.00007350 0.00011387 0.00015164 0.00010240 0.00015881 0.00014442 0.00014063 0.00004412 0.00006136 0.00005224 0.00013517 0.00010330 0.00009255 0.00006796 0.00006380 0.00008047 0.00012101 0.00005221 0.00008383 0.00011252 0.00009969 
onnx::Conv_1260 0.00003856 0.00004853 0.00006670 0.00005007 0.00004392 0.00005118 0.00004814 0.00010028 0.00007513 0.00005356 0.00005007 0.00021801 0.00021226 0.00003581 0.00004695 0.00007886 0.00018008 0.00004025 0.00012001 0.00006684 0.00003827 0.00004426 0.00005471 0.00003658 0.00004875 0.00008612 0.00003610 0.00005902 0.00009248 0.00004751 0.00002737 0.00016650 0.00004311 0.00003209 0.00026956 0.00005164 0.00051513 0.00006759 0.00032031 0.00016955 0.00025042 0.00003951 0.00008704 0.00003162 0.00022673 0.00005655 0.00007479 0.00004555 0.00009098 0.00003186 0.00011932 0.00004266 0.00012222 0.00002818 0.00012779 0.00005482 0.00006719 0.00003183 0.00007616 0.00004524 0.00008445 0.00003654 0.00022445 0.00010097 
onnx::Conv_1263 0.00376037 0.00413790 0.00310329 0.00165980 0.00537159 0.00179621 0.00563719 0.00045599 0.00038560 0.00193905 0.00297530 0.00058221 0.00047726 0.00496797 0.00704999 0.00138801 0.00072886 0.00231319 0.00067892 0.00645214 0.00343806 0.00411094 0.00173612 0.00773681 0.00625107 0.00076310 0.00503943 0.00205537 0.00135176 0.00163777 0.00309698 0.00029824 0.00244510 0.00892451 0.00010671 0.00525299 0.00076707 0.00267771 0.00027590 0.00038014 0.00054674 0.00554242 0.00091666 0.00389292 0.00040314 0.00270918 0.00169234 0.00518575 0.00059912 0.00638653 0.00064058 0.00322556 0.00054577 0.00473237 0.00100276 0.00586996 0.00158454 0.00641739 0.00101357 0.00242670 0.00068037 0.00507496 0.00017403 0.00065496 
onnx::Conv_1266 0.00022024 0.00016236 0.00021483 0.00017909 0.00018171 0.00028208 0.00008556 0.00011790 0.00016136 0.00005692 0.00011900 0.00015916 0.00031034 0.00022667 0.00017676 0.00013339 0.00016810 0.00013147 0.00008323 0.00011205 0.00014721 0.00018560 0.00010062 0.00016629 0.00008697 0.00012974 0.00009237 0.00013905 0.00007745 0.00007709 0.00020551 0.00013188 0.00009076 0.00029615 0.00019453 0.00006416 0.00011706 0.00015111 0.00011239 0.00013881 0.00017071 0.00015444 0.00023759 0.00025554 0.00031586 0.00032823 0.00010921 0.00019105 0.00027277 0.00018026 0.00021737 0.00012401 0.00009373 0.00012547 0.00015623 0.00015961 0.00018636 0.00017481 0.00008385 0.00015508 0.00017744 0.00010926 0.00024890 0.00017264 
onnx::Conv_1269 0.00004920 0.00011991 0.00020825 0.00027838 0.00004673 0.00019691 0.00003503 0.00004589 0.00007203 0.00026873 0.00004906 0.00016849 0.00004680 0.00013052 0.00021436 0.00010502 0.00013162 0.00004002 0.00002891 0.00009040 0.00007065 0.00020833 0.00027883 0.00015606 0.00005856 0.00004350 0.00016066 0.00016164 0.00024072 0.00012316 0.00018800 0.00017026 0.00009731 0.00017571 0.00007682 0.00021472 0.00027743 0.00017211 0.00003953 0.00002549 0.00004788 0.00022365 0.00012737 0.00026429 0.00025945 0.00023004 0.00010293 0.00004999 0.00017784 0.00010291 0.00012943 0.00008503 0.00003149 0.00018146 0.00009676 0.00011505 0.00004102 0.00002754 0.00025259 0.00012596 0.00013258 0.00013196 0.00015529 0.00013184 
onnx::Conv_1272 0.00105572 0.00035868 0.00050772 0.00019879 0.00139089 0.00021480 0.00147479 0.00145561 0.00084575 0.00019875 0.00136361 0.00020751 0.00200444 0.00096805 0.00027961 0.00078114 0.00037902 0.00138829 0.00968403 0.00076815 0.00112491 0.00026548 0.00019338 0.00034084 0.00163124 0.00163378 0.00030053 0.00062079 0.00036004 0.00047642 0.00052304 0.00051310 0.00086899 0.00015458 0.00107357 0.00015111 0.00018566 0.00028843 0.00263581 0.01028046 0.00183001 0.00033866 0.00024307 0.00025328 0.00027114 0.00041844 0.00086757 0.00117312 0.00039620 0.00087416 0.00056327 0.00066038 0.00176220 0.00035051 0.00054001 0.00042020 0.00195268 0.00213914 0.00022530 0.00032176 0.00030216 0.00034476 0.00051525 0.00024870 
onnx::Conv_1275 0.00015505 0.00018272 0.00029659 0.00024798 0.00010210 0.00034057 0.00012805 0.00014016 0.00038310 0.00017767 0.00014557 0.00020836 0.00032735 0.00026565 0.00014391 0.00021783 0.00017887 0.00025586 0.00018389 0.00032875 0.00011548 0.00017303 0.00021024 0.00031306 0.00022745 0.00043630 0.00017301 0.00010868 0.00013262 0.00023926 0.00024340 0.00015742 0.00017389 0.00012199 0.00011627 0.00026096 0.00018522 0.00021719 0.00010085 0.00008444 0.00021708 0.00006995 0.00021896 0.00023830 0.00011473 0.00017954 0.00044432 0.00054130 0.00032035 0.00024409 0.00009779 0.00013274 0.00011935 0.00011311 0.00023774 0.00015318 0.00027933 0.00030470 0.00017507 0.00017845 0.00010381 0.00007492 0.00031416 0.00019087 
onnx::Conv_1278 0.00019017 0.00025334 0.00008827 0.00033016 0.00007812 0.00018403 0.00021509 0.00006704 0.00008692 0.00040961 0.00018013 0.00028685 0.00005383 0.00021001 0.00015051 0.00020125 0.00010517 0.00009560 0.00030220 0.00023834 0.00022544 0.00011373 0.00025081 0.00013695 0.00023808 0.00015754 0.00004719 0.00006509 0.00023537 0.00032159 0.00015157 0.00012551 0.00018340 0.00019436 0.00019155 0.00010796 0.00021005 0.00016673 0.00005853 0.00020526 0.00027246 0.00021418 0.00019042 0.00022076 0.00025463 0.00023266 0.00020673 0.00005827 0.00004302 0.00002794 0.00022405 0.00006406 0.00016658 0.00016342 0.00015000 0.00008856 0.00019059 0.00003764 0.00011401 0.00015114 0.00012096 0.00014057 0.00003476 0.00026451 
onnx::Conv_1281 0.00022947 0.00014846 0.00059123 0.00013649 0.00048510 0.00022563 0.00026777 0.00061731 0.00033706 0.00018870 0.00017389 0.00012471 0.00052742 0.00032619 0.00018188 0.00012445 0.00031757 0.00046305 0.00023729 0.00023020 0.00023094 0.00021235 0.00016371 0.00029669 0.00014853 0.00015934 0.00193601 0.00079901 0.00014169 0.00019297 0.00032736 0.00031797 0.00025002 0.00018660 0.00024132 0.00039668 0.00019432 0.00035109 0.00103297 0.00036461 0.00015365 0.00023454 0.00036503 0.00011961 0.00011692 0.00017392 0.00019577 0.00095826 0.00098568 0.00067456 0.00014082 0.00087012 0.00037737 0.00039429 0.00028694 0.00042143 0.00017269 0.00048726 0.00059463 0.00017037 0.00017495 0.00023066 0.00134896 0.00014041 
onnx::Conv_1284 0.00020841 0.00011996 0.00028462 0.00023679 0.00014950 0.00018232 0.00014975 0.00031423 0.00032221 0.00018286 0.00037091 0.00038365 0.00022276 0.00017454 0.00016678 0.00023068 0.00042130 0.00047878 0.00014464 0.00021423 0.00022389 0.00019370 0.00018761 0.00057122 0.00015039 0.00056243 0.00017604 0.00020670 0.00019796 0.00064166 0.00023655 0.00023825 0.00019169 0.00019034 0.00014692 0.00022844 0.00023538 0.00017040 0.00024988 0.00014386 0.00021533 0.00018048 0.00025437 0.00022490 0.00016821 0.00021093 0.00027939 0.00058812 0.00018452 0.00022862 0.00075441 0.00022773 0.00012576 0.00020666 0.00024287 0.00022669 0.00021729 0.00016425 0.00021389 0.00014532 0.00021142 0.00017712 0.00088460 0.00019027 
onnx::Conv_1257 0.00016410 0.00017137 0.00024701 0.00027574 0.00025149 0.00016544 0.00017410 0.00021835 0.00019129 0.00020698 0.00035086 0.00025391 0.00019243 0.00035215 0.00023219 0.00032482 0.00019678 0.00019786 0.00019112 0.00017380 0.00022066 0.00034973 0.00026985 0.00021040 0.00021934 0.00026312 0.00020580 0.00029063 0.00019129 0.00018059 0.00040824 0.00021231 0.00014798 0.00030032 0.00026489 0.00021569 0.00017934 0.00021036 0.00036694 0.00045496 0.00017484 0.00031671 0.00024933 0.00017012 0.00017474 0.00018978 0.00026224 0.00025831 0.00030743 0.00029231 0.00031610 0.00021010 0.00015249 0.00030899 0.00033083 0.00031504 0.00019232 0.00032545 0.00017689 0.00019575 0.00029038 0.00042501 0.00021044 0.00026285 
onnx::Conv_1287 0.00018413 0.00018433 0.00011308 0.00011203 0.00022071 0.00015248 0.00015545 0.00009200 0.00013659 0.00026729 0.00010686 0.00015615 0.00011994 0.00025662 0.00025693 0.00014074 0.00011939 0.00015258 0.00012307 0.00016427 0.00011525 0.00011753 0.00011908 0.00032058 0.00016924 0.00021536 0.00019250 0.00014173 0.00014402 0.00012461 0.00010666 0.00010442 0.00013531 0.00010409 0.00017176 0.00018734 0.00012622 0.00011666 0.00014739 0.00011912 0.00013585 0.00017837 0.00017524 0.00010074 0.00010397 0.00016677 0.00012713 0.00012488 0.00011438 0.00018136 0.00013806 0.00013504 0.00018640 0.00014688 0.00016580 0.00010389 0.00017892 0.00018388 0.00024319 0.00015898 0.00009014 0.00015566 0.00012000 0.00011934 0.00009401 0.00023476 0.00016555 0.00014190 0.00015939 0.00011574 0.00010260 0.00010855 0.00016442 0.00014078 0.00013462 0.00013721 0.00012461 0.00008565 0.00014983 0.00015694 0.00008531 0.00015022 0.00015995 0.00016172 0.00014433 0.00008891 0.00018662 0.00012752 0.00012144 0.00016713 0.00007295 0.00013888 0.00013005 0.00020811 0.00018084 0.00014861 0.00014854 0.00018003 0.00024322 0.00015638 0.00009062 0.00012044 0.00013093 0.00011796 0.00014879 0.00015067 0.00019193 0.00009509 0.00013107 0.00010143 0.00017716 0.00014079 0.00015529 0.00009251 0.00017083 0.00017273 0.00021825 0.00013573 0.00010390 0.00019742 0.00014577 0.00013527 0.00012816 0.00014858 0.00019528 0.00017520 0.00021496 0.00023585 
onnx::Conv_1290 0.00009544 0.00014190 0.00015218 0.00010433 0.00008289 0.00014988 0.00013245 0.00023844 0.00014244 0.00023167 0.00016735 0.00018860 0.00031830 0.00014657 0.00012583 0.00011836 0.00020023 0.00009185 0.00017359 0.00020432 0.00008383 0.00038941 0.00025092 0.00019039 0.00019363 0.00012994 0.00013409 0.00018080 0.00025029 0.00026836 0.00012225 0.00024793 0.00019870 0.00008822 0.00010022 0.00011114 0.00024457 0.00038318 0.00016115 0.00012109 0.00031920 0.00015527 0.00014964 0.00018240 0.00014011 0.00016792 0.00017279 0.00031640 0.00026313 0.00012361 0.00023605 0.00016429 0.00013154 0.00008399 0.00016611 0.00011577 0.00017542 0.00027828 0.00079814 0.00013610 0.00019550 0.00029554 0.00030856 0.00014037 0.00013243 0.00021308 0.00013527 0.00014890 0.00021444 0.00007799 0.00012525 0.00023448 0.00020515 0.00024579 0.00021387 0.00019888 0.00015726 0.00012237 0.00024629 0.00018087 0.00012878 0.00012516 0.00026490 0.00012895 0.00011687 0.00013248 0.00021757 0.00017947 0.00017047 0.00013188 0.00021774 0.00019077 0.00020709 0.00020806 0.00011967 0.00027000 0.00013951 0.00015924 0.00010589 0.00019752 0.00015579 0.00042909 0.00022917 0.00013573 0.00013577 0.00013652 0.00012805 0.00015079 0.00011768 0.00015319 0.00026125 0.00023795 0.00017357 0.00010676 0.00018224 0.00011248 0.00020142 0.00010739 0.00026108 0.00020525 0.00011249 0.00017732 0.00026954 0.00027422 0.00010633 0.00015179 0.00031867 0.00022688 
onnx::Conv_1293 0.00027400 0.00044434 0.00028295 0.00062237 0.00038503 0.00041127 0.00031407 0.00034529 0.00025993 0.00043537 0.00028376 0.00037821 0.00053537 0.00039627 0.00030648 0.00036251 0.00031075 0.00030772 0.00043933 0.00035756 0.00040809 0.00031318 0.00030583 0.00053458 0.00053471 0.00046041 0.00027870 0.00040958 0.00069663 0.00037488 0.00037887 0.00035156 0.00037747 0.00033014 0.00041513 0.00034862 0.00048070 0.00046118 0.00035568 0.00023044 0.00057744 0.00038780 0.00028914 0.00039350 0.00034186 0.00039250 0.00033240 0.00051245 0.00038727 0.00047361 0.00033159 0.00046218 0.00040203 0.00035973 0.00029039 0.00045911 0.00023557 0.00032744 0.00041978 0.00033820 0.00028392 0.00027731 0.00061981 0.00039362 0.00057218 0.00030104 0.00037441 0.00033168 0.00106082 0.00049440 0.00044646 0.00032923 0.00042431 0.00034645 0.00040818 0.00054943 0.00039722 0.00052350 0.00034023 0.00041080 0.00038301 0.00049119 0.00036748 0.00030079 0.00035403 0.00035808 0.00030376 0.00038203 0.00053778 0.00036052 0.00030184 0.00067728 0.00052416 0.00037323 0.00066747 0.00028457 0.00028918 0.00029432 0.00129094 0.00025375 0.00039986 0.00029063 0.00056039 0.00024318 0.00026092 0.00034846 0.00043569 0.00049071 0.00040791 0.00037759 0.00034662 0.00036317 0.00076286 0.00028685 0.00033773 0.00025800 0.00031319 0.00033027 0.00033933 0.00030266 0.00036911 0.00039153 0.00043145 0.00035007 0.00024143 0.00035456 0.00025334 0.00036443 0.00046317 0.00030825 0.00033773 0.00037563 0.00034478 0.00020164 0.00032901 0.00027614 0.00045570 0.00029347 0.00026691 0.00055192 0.00030175 0.00040051 0.00030466 0.00026223 0.00041970 0.00022503 0.00028062 0.00039194 0.00029495 0.00044007 0.00022084 0.00038670 0.00032674 0.00035416 0.00024503 0.00063433 0.00059110 0.00037324 0.00024823 0.00030221 0.00037096 0.00028386 0.00046082 0.00064261 0.00029311 0.00027208 0.00043276 0.00042710 0.00036427 0.00041110 0.00030444 0.00036818 0.00030188 0.00031932 0.00030360 0.00038148 0.00029504 0.00072608 0.00038610 0.00048891 0.00035769 0.00025744 0.00034839 0.00045551 0.00024294 0.00027985 0.00029034 0.00069842 0.00032895 0.00033478 0.00044112 0.00030796 0.00031992 0.00037858 0.00029879 0.00032592 0.00031962 0.00032962 0.00031266 0.00028363 0.00039598 0.00034270 0.00033680 0.00039598 0.00078922 0.00056121 0.00054638 0.00049971 0.00055549 0.00031410 0.00027957 0.00025191 0.00035477 0.00029170 0.00030704 0.00030873 0.00044371 0.00038953 0.00058053 0.00039337 0.00038570 0.00036865 0.00023614 0.00025925 0.00036181 0.00074450 0.00039722 0.00035657 0.00034187 0.00030546 0.00032848 0.00050935 0.00038116 0.00040571 0.00041357 0.00032891 0.00074990 0.00031702 0.00063313 0.00031913 0.00035136 0.00093045 0.00068650 0.00027164 0.00036138 0.00029437 0.00040795 0.00042177 0.00044405 0.00038195 0.00041554 0.00030331 0.00033980 0.00037391 0.00033011 0.00035363 
onnx::Conv_1296 0.00010182 0.00011604 0.00010696 0.00015864 0.00011103 0.00013407 0.00010072 0.00014817 0.00014941 0.00010480 0.00009638 0.00012229 0.00009242 0.00016252 0.00010423 0.00008891 0.00010367 0.00012264 0.00010755 0.00011140 0.00016927 0.00008644 0.00011822 0.00021789 0.00008591 0.00009979 0.00011183 0.00009475 0.00009365 0.00009235 0.00014831 0.00014240 0.00008644 0.00009795 0.00009828 0.00018312 0.00009108 0.00012478 0.00015942 0.00011615 0.00009526 0.00008814 0.00017676 0.00007182 0.00007526 0.00008621 0.00010079 0.00012744 0.00008592 0.00012809 0.00021636 0.00014910 0.00008235 0.00009718 0.00012519 0.00007396 0.00009180 0.00012588 0.00009411 0.00012357 0.00008737 0.00021638 0.00022986 0.00012971 0.00014488 0.00017304 0.00008935 0.00011094 0.00011864 0.00023538 0.00008015 0.00009378 0.00008968 0.00011974 0.00044346 0.00008482 0.00013575 0.00008664 0.00009690 0.00008424 0.00010282 0.00007875 0.00009380 0.00008926 0.00011447 0.00009042 0.00010547 0.00011382 0.00027905 0.00009401 0.00009972 0.00015581 0.00009866 0.00015801 0.00016801 0.00008208 0.00010609 0.00012141 0.00007940 0.00011921 0.00011705 0.00008814 0.00008938 0.00010274 0.00009873 0.00013156 0.00008309 0.00009214 0.00008971 0.00007035 0.00009008 0.00008535 0.00011701 0.00012851 0.00009161 0.00008285 0.00009144 0.00011930 0.00014432 0.00011926 0.00011993 0.00008141 0.00016145 0.00010962 0.00011921 0.00009578 0.00009862 0.00008050 
onnx::Conv_1299 0.00007247 0.00004496 0.00003008 0.00006874 0.00008046 0.00004792 0.00006493 0.00006404 0.00004039 0.00009982 0.00004732 0.00006943 0.00023956 0.00003283 0.00009355 0.00006031 0.00014496 0.00003803 0.00004131 0.00006532 0.00006040 0.00004783 0.00005513 0.00005488 0.00005485 0.00004897 0.00004825 0.00010088 0.00010468 0.00003916 0.00004897 0.00002672 0.00006632 0.00003904 0.00004684 0.00010098 0.00003000 0.00006083 0.00002780 0.00009307 0.00005701 0.00006827 0.00007364 0.00003247 0.00004583 0.00004556 0.00009778 0.00006907 0.00005215 0.00003008 0.00003979 0.00004682 0.00007985 0.00007281 0.00005683 0.00004890 0.00007762 0.00004150 0.00005334 0.00008077 0.00006894 0.00007952 0.00005341 0.00004338 0.00006670 0.00007253 0.00003787 0.00004909 0.00008606 0.00005270 0.00010325 0.00006991 0.00006819 0.00006294 0.00005803 0.00009141 0.00010321 0.00005962 0.00005209 0.00005279 0.00003536 0.00004771 0.00005425 0.00008056 0.00003803 0.00006389 0.00006180 0.00006784 0.00012021 0.00004692 0.00004981 0.00003773 0.00004217 0.00005811 0.00003500 0.00006273 0.00007964 0.00011119 0.00007386 0.00008409 0.00003493 0.00016832 0.00007299 0.00007430 0.00007133 0.00007239 0.00006189 0.00006375 0.00006392 0.00004340 0.00004070 0.00004242 0.00005935 0.00009769 0.00004772 0.00004644 0.00003116 0.00005595 0.00004259 0.00008228 0.00006693 0.00006088 0.00007339 0.00005837 0.00004650 0.00005795 0.00003980 0.00003521 0.00005623 0.00007597 0.00003521 0.00003519 0.00009568 0.00008468 0.00005608 0.00002458 0.00002940 0.00005556 0.00004916 0.00005023 0.00010296 0.00005292 0.00004958 0.00009900 0.00006579 0.00008941 0.00006061 0.00004229 0.00003356 0.00004773 0.00005060 0.00007546 0.00006695 0.00006240 0.00011431 0.00003277 0.00007135 0.00007643 0.00004890 0.00027844 0.00011341 0.00003977 0.00005111 0.00006179 0.00008514 0.00014387 0.00003430 0.00004970 0.00003684 0.00003229 0.00005495 0.00007127 0.00004473 0.00009156 0.00006157 0.00005149 0.00003674 0.00006785 0.00004103 0.00004935 0.00007147 0.00009141 0.00010047 0.00005737 0.00017426 0.00009607 0.00008417 0.00006848 0.00009267 0.00006620 0.00004090 0.00005032 0.00005775 0.00006063 0.00004733 0.00018783 0.00009970 0.00007515 0.00004471 0.00005861 0.00005802 0.00004053 0.00004661 0.00003129 0.00007092 0.00005505 0.00006154 0.00004769 0.00002335 0.00002553 0.00004577 0.00004325 0.00005534 0.00004845 0.00005178 0.00007789 0.00004656 0.00007387 0.00005054 0.00008338 0.00009887 0.00007271 0.00008028 0.00006446 0.00003005 0.00003347 0.00005918 0.00003396 0.00004231 0.00003723 0.00006635 0.00005299 0.00009349 0.00006902 0.00004725 0.00007014 0.00005668 0.00008133 0.00006985 0.00003211 0.00004738 0.00004161 0.00003542 0.00011159 0.00007419 0.00004054 0.00007139 0.00004541 0.00005196 0.00004786 0.00004389 0.00008539 0.00006451 0.00002171 0.00003428 0.00005369 
onnx::Conv_1302 0.00015524 0.00019991 0.00020835 0.00024040 0.00019221 0.00018760 0.00020438 0.00014292 0.00024365 0.00019488 0.00016578 0.00019870 0.00066315 0.00031528 0.00024054 0.00020471 0.00015359 0.00019756 0.00036047 0.00034614 0.00023673 0.00025940 0.00017633 0.00015837 0.00030934 0.00017559 0.00017814 0.00017100 0.00016286 0.00025255 0.00017165 0.00015933 0.00016444 0.00020477 0.00027833 0.00027772 0.00044149 0.00030578 0.00030012 0.00024617 0.00042920 0.00011986 0.00032855 0.00013500 0.00015739 0.00021878 0.00037845 0.00020108 0.00030569 0.00017982 0.00017044 0.00038541 0.00052055 0.00016085 0.00018718 0.00032187 0.00022912 0.00023491 0.00014228 0.00042202 0.00023747 0.00014287 0.00026412 0.00034458 0.00030367 0.00019528 0.00024213 0.00032219 0.00033542 0.00027529 0.00025127 0.00015476 0.00024596 0.00016796 0.00013971 0.00021278 0.00026063 0.00031561 0.00016477 0.00021315 0.00017332 0.00020468 0.00045602 0.00015512 0.00037307 0.00025310 0.00031774 0.00030640 0.00021447 0.00026334 0.00023924 0.00051136 0.00018622 0.00016740 0.00026707 0.00014685 0.00050813 0.00024579 0.00017830 0.00023304 0.00014602 0.00016516 0.00043530 0.00015124 0.00025668 0.00060922 0.00022749 0.00017752 0.00025043 0.00031646 0.00023439 0.00020291 0.00039046 0.00017917 0.00021457 0.00018081 0.00022684 0.00019713 0.00025881 0.00021103 0.00023782 0.00019176 0.00018226 0.00024167 0.00057579 0.00018760 0.00024783 0.00040326 
onnx::Conv_1308 0.00008996 0.00003494 0.00016037 0.00013012 0.00009687 0.00005879 0.00011824 0.00014765 0.00011243 0.00007854 0.00005811 0.00007024 0.00004594 0.00027421 0.00005532 0.00002451 0.00014889 0.00031008 0.00012937 0.00009334 0.00010076 0.00005107 0.00006909 0.00021801 0.00004241 0.00007836 0.00015807 0.00004427 0.00021375 0.00027064 0.00014016 0.00017259 0.00022074 0.00004024 0.00007098 0.00017650 0.00016035 0.00004499 0.00023318 0.00005686 0.00006335 0.00008189 0.00006550 0.00019622 0.00003683 0.00011737 0.00004464 0.00003350 0.00019171 0.00009840 0.00003383 0.00006094 0.00014178 0.00009769 0.00004434 0.00010082 0.00024666 0.00004001 0.00006301 0.00007973 0.00011999 0.00022570 0.00028253 0.00017379 0.00004738 0.00010663 0.00005766 0.00019088 0.00005552 0.00005371 0.00019798 0.00013238 0.00003419 0.00007531 0.00011094 0.00003046 0.00006367 0.00021034 0.00006415 0.00009655 0.00032958 0.00004610 0.00010931 0.00006516 0.00006036 0.00016823 0.00027364 0.00011682 0.00014024 0.00025422 0.00010284 0.00006592 0.00032089 0.00030668 0.00004409 0.00016697 0.00020334 0.00007772 0.00017594 0.00005658 0.00006002 0.00004663 0.00011108 0.00017454 0.00036765 0.00016321 0.00012345 0.00002848 0.00008399 0.00021022 0.00005612 0.00003569 0.00020283 0.00011952 0.00006660 0.00016081 0.00003728 0.00018222 0.00009971 0.00011013 0.00007941 0.00003438 0.00025048 0.00008949 0.00002338 0.00003166 0.00010924 0.00024307 
onnx::Conv_1311 0.00041941 0.00296671 0.00032343 0.00036080 0.00036107 0.00148288 0.00024977 0.00018952 0.00032746 0.00039947 0.00080270 0.00080135 0.00089697 0.00009903 0.00110681 0.00126636 0.00021461 0.00009085 0.00022925 0.00022599 0.00019850 0.00080265 0.00074574 0.00027150 0.00058933 0.00038746 0.00050684 0.00256137 0.00021485 0.00019810 0.00022385 0.00019405 0.00030636 0.00061978 0.00045938 0.00023439 0.00035715 0.00119858 0.00010157 0.00105602 0.00107180 0.00062480 0.00062155 0.00027160 0.00313739 0.00041113 0.00099395 0.00144830 0.00021323 0.00055304 0.00148370 0.00071157 0.00017052 0.00051021 0.00327649 0.00057059 0.00019010 0.00175910 0.00055497 0.00024181 0.00019688 0.00023035 0.00016668 0.00095527 0.00085388 0.00038917 0.00142446 0.00017729 0.00068703 0.00094079 0.00024630 0.00036974 0.00121043 0.00075142 0.00050991 0.00282704 0.00051336 0.00031808 0.00036347 0.00029001 0.00007329 0.00138675 0.00024226 0.00091417 0.00064983 0.00017148 0.00014358 0.00020978 0.00019242 0.00012835 0.00044298 0.00046942 0.00012852 0.00011947 0.00143503 0.00014903 0.00025155 0.00052854 0.00017928 0.00037993 0.00091561 0.00268847 0.00022618 0.00010432 0.00022693 0.00027724 0.00106517 0.00216403 0.00030710 0.00026861 0.00081284 0.00181896 0.00018840 0.00020472 0.00096744 0.00034245 0.00135593 0.00017995 0.00052685 0.00022719 0.00033850 0.00146171 0.00013934 0.00056234 0.00229035 0.00179053 0.00016441 0.00015295 
onnx::Conv_1314 0.00021087 0.00006934 0.00023919 0.00011304 0.00017564 0.00011509 0.00014920 0.00014416 0.00012168 0.00018026 0.00013353 0.00014515 0.00011032 0.00011169 0.00011195 0.00017313 0.00019212 0.00016990 0.00014157 0.00012040 0.00012656 0.00010364 0.00011879 0.00014602 0.00009777 0.00013464 0.00009419 0.00017633 0.00012866 0.00017255 0.00010587 0.00007881 0.00023545 0.00018161 0.00033458 0.00012026 0.00011912 0.00019242 0.00015282 0.00012123 0.00015161 0.00013440 0.00028324 0.00018673 0.00011249 0.00009202 0.00011068 0.00021343 0.00018103 0.00010140 0.00009099 0.00011235 0.00007772 0.00017138 0.00013849 0.00010227 0.00010237 0.00011302 0.00017505 0.00012338 0.00028242 0.00015128 0.00016833 0.00012767 0.00013552 0.00015412 0.00011631 0.00007107 0.00010158 0.00018457 0.00013391 0.00022218 0.00013801 0.00013506 0.00014462 0.00012587 0.00010156 0.00017346 0.00013592 0.00014718 0.00012066 0.00025541 0.00014096 0.00010982 0.00014804 0.00014757 0.00011061 0.00011750 0.00014007 0.00027718 0.00016135 0.00009592 0.00021112 0.00029861 0.00012884 0.00027851 0.00010229 0.00019630 0.00009559 0.00018087 0.00013802 0.00009240 0.00014293 0.00011422 0.00023164 0.00015575 0.00014773 0.00015461 0.00010731 0.00010924 0.00010296 0.00021393 0.00015371 0.00008712 0.00013366 0.00016879 0.00013143 0.00012438 0.00010075 0.00013788 0.00015555 0.00012890 0.00013620 0.00008240 0.00013061 0.00009365 0.00014121 0.00016459 
onnx::Conv_1305 0.00016466 0.00022352 0.00021443 0.00017316 0.00026462 0.00029129 0.00028545 0.00055343 0.00022670 0.00022032 0.00023522 0.00020139 0.00022949 0.00017844 0.00024985 0.00033320 0.00021091 0.00026659 0.00030364 0.00018448 0.00028130 0.00031322 0.00032705 0.00035661 0.00027330 0.00029230 0.00027040 0.00019800 0.00035813 0.00034030 0.00022968 0.00027864 0.00034918 0.00025907 0.00021926 0.00024785 0.00023650 0.00017374 0.00025865 0.00024743 0.00022980 0.00018155 0.00022443 0.00028231 0.00021203 0.00023093 0.00031781 0.00019079 0.00035384 0.00027944 0.00023918 0.00028353 0.00018309 0.00023690 0.00024562 0.00029465 0.00020290 0.00020217 0.00038467 0.00035819 0.00020696 0.00029201 0.00033447 0.00017660 0.00032072 0.00025094 0.00025664 0.00034523 0.00014920 0.00025610 0.00019487 0.00025734 0.00029403 0.00035245 0.00028822 0.00034400 0.00022331 0.00015541 0.00021036 0.00022659 0.00022727 0.00023966 0.00032899 0.00017392 0.00025937 0.00029794 0.00019500 0.00023752 0.00021249 0.00028532 0.00035418 0.00022812 0.00018622 0.00015483 0.00023257 0.00032641 0.00029575 0.00018784 0.00043770 0.00029832 0.00017320 0.00018227 0.00071131 0.00016965 0.00037254 0.00026714 0.00024103 0.00022551 0.00020841 0.00028667 0.00029642 0.00029536 0.00017510 0.00024210 0.00018476 0.00029757 0.00020757 0.00018502 0.00017202 0.00075705 0.00030437 0.00020623 0.00029491 0.00026685 0.00031903 0.00022902 0.00021785 0.00021174 
onnx::Conv_1317 0.00011628 0.00011353 0.00013774 0.00015332 0.00013809 0.00013076 0.00014424 0.00020242 0.00018480 0.00012947 0.00013032 0.00010733 0.00011810 0.00017734 0.00017460 0.00013157 0.00023214 0.00010809 0.00020656 0.00014436 0.00013549 0.00016079 0.00019110 0.00019243 0.00013666 0.00014455 0.00021180 0.00011573 0.00011348 0.00014198 0.00016058 0.00011031 0.00011445 0.00016281 0.00011442 0.00020688 0.00012054 0.00009857 0.00012199 0.00014942 0.00019965 0.00012172 0.00017044 0.00017633 0.00019395 0.00019646 0.00017338 0.00009850 0.00016485 0.00011415 0.00015683 0.00029046 0.00013126 0.00012290 0.00008436 0.00012384 0.00014652 0.00017598 0.00026360 0.00013435 0.00010791 0.00027539 0.00013510 0.00013050 0.00013396 0.00009422 0.00016051 0.00016743 0.00016014 0.00015768 0.00024105 0.00011058 0.00021512 0.00011639 0.00009656 0.00018890 0.00007426 0.00008995 0.00019947 0.00011286 0.00015336 0.00023836 0.00021480 0.00020698 0.00009878 0.00021545 0.00011170 0.00014723 0.00018678 0.00008746 0.00011149 0.00017197 0.00009906 0.00011237 0.00010609 0.00019701 0.00018262 0.00011096 0.00018265 0.00014923 0.00013595 0.00009315 0.00019633 0.00012356 0.00013175 0.00019714 0.00022352 0.00017964 0.00014211 0.00023405 0.00015126 0.00015663 0.00011454 0.00010583 0.00014235 0.00021209 0.00014299 0.00012677 0.00011348 0.00008608 0.00010587 0.00018253 0.00010967 0.00015249 0.00041463 0.00013297 0.00017700 0.00010694 0.00020095 0.00017091 0.00015289 0.00009703 0.00012886 0.00013760 0.00010162 0.00012115 0.00014870 0.00012180 0.00030771 0.00012043 0.00015213 0.00021193 0.00008664 0.00011950 0.00021369 0.00017222 0.00015078 0.00019104 0.00012075 0.00011264 0.00014132 0.00009197 0.00016183 0.00015915 0.00014311 0.00011176 0.00013133 0.00015590 0.00023011 0.00029559 0.00018936 0.00011252 0.00018215 0.00016276 0.00020670 0.00011663 0.00011736 0.00022803 0.00010998 0.00015803 0.00017482 0.00015901 0.00020017 0.00011864 0.00020347 0.00015306 0.00017423 0.00017077 0.00025640 0.00023545 0.00012035 0.00014745 0.00011413 0.00020820 0.00015050 0.00014340 0.00016317 0.00019299 0.00013941 0.00013653 0.00011312 0.00010681 0.00014829 0.00019070 0.00020016 0.00021077 0.00012887 0.00010534 0.00012481 0.00016626 0.00016003 0.00021914 0.00025272 0.00013856 0.00026911 0.00018843 0.00015392 0.00011442 0.00010546 0.00014302 0.00010167 0.00031535 0.00012384 0.00010339 0.00015897 0.00015020 0.00010518 0.00022542 0.00018546 0.00016395 0.00016042 0.00011416 0.00011119 0.00013331 0.00013315 0.00018992 0.00017672 0.00014245 0.00014823 0.00012961 0.00010473 0.00010443 0.00017899 0.00018685 0.00011516 0.00017452 0.00013266 0.00015820 0.00010723 0.00014660 0.00015727 0.00033377 0.00015244 0.00014774 0.00012076 0.00011981 0.00011304 0.00012991 0.00017193 0.00028407 0.00013608 0.00020541 0.00018343 0.00016547 0.00009564 0.00018291 
onnx::Conv_1320 0.00009555 0.00015663 0.00009677 0.00010803 0.00012510 0.00007895 0.00010502 0.00014530 0.00006896 0.00007502 0.00008784 0.00007879 0.00011936 0.00009860 0.00010058 0.00007388 0.00009338 0.00016832 0.00007886 0.00009804 0.00008029 0.00009630 0.00011006 0.00009902 0.00010973 0.00012204 0.00008504 0.00015429 0.00011170 0.00011963 0.00007450 0.00008112 0.00010931 0.00013133 0.00014387 0.00015213 0.00011272 0.00013722 0.00008847 0.00014297 0.00012349 0.00009189 0.00010051 0.00009040 0.00015176 0.00009897 0.00005690 0.00020879 0.00009078 0.00015345 0.00011625 0.00012149 0.00013069 0.00011657 0.00005727 0.00009870 0.00017184 0.00009410 0.00007385 0.00014065 0.00009155 0.00010335 0.00013264 0.00009676 0.00010251 0.00024856 0.00010396 0.00010589 0.00018817 0.00009782 0.00006967 0.00011371 0.00008070 0.00017460 0.00004947 0.00009903 0.00010633 0.00008117 0.00007469 0.00008156 0.00012834 0.00011146 0.00011631 0.00009497 0.00019270 0.00011703 0.00016304 0.00013272 0.00010525 0.00010922 0.00011437 0.00009537 0.00006305 0.00015274 0.00010737 0.00010511 0.00012542 0.00016479 0.00007111 0.00012689 0.00008423 0.00010875 0.00012518 0.00011206 0.00009061 0.00009567 0.00008470 0.00014182 0.00012591 0.00016609 0.00010226 0.00010875 0.00010183 0.00007561 0.00008387 0.00009043 0.00009788 0.00011539 0.00014352 0.00008848 0.00009028 0.00006821 0.00013091 0.00006505 0.00007285 0.00011046 0.00010809 0.00010688 
onnx::Conv_1323 0.00017557 0.00015339 0.00011993 0.00019243 0.00021258 0.00024609 0.00014989 0.00019327 0.00015893 0.00035105 0.00018478 0.00011185 0.00017226 0.00021009 0.00010437 0.00012348 0.00014325 0.00026935 0.00014026 0.00014325 0.00014762 0.00013415 0.00018780 0.00015106 0.00014958 0.00008593 0.00032096 0.00010083 0.00019308 0.00017607 0.00014038 0.00008688 0.00017271 0.00010662 0.00008806 0.00011262 0.00032294 0.00011956 0.00022177 0.00012313 0.00011364 0.00014670 0.00010860 0.00021278 0.00015428 0.00007435 0.00014212 0.00015144 0.00008258 0.00008909 0.00032053 0.00016827 0.00007120 0.00015645 0.00015750 0.00023880 0.00012047 0.00017247 0.00016814 0.00011317 0.00014834 0.00014448 0.00013631 0.00011769 
onnx::Conv_1329 0.00020205 0.00034614 0.00004757 0.00030351 0.00008728 0.00027734 0.00018546 0.00020100 0.00003086 0.00021856 0.00028509 0.00022044 0.00027071 0.00005876 0.00024782 0.00007056 0.00015306 0.00012975 0.00015103 0.00050386 0.00021589 0.00029420 0.00022612 0.00045117 0.00005850 0.00017274 0.00033691 0.00030708 0.00037212 0.00008746 0.00029493 0.00022795 0.00038489 0.00020798 0.00019833 0.00011320 0.00057535 0.00026538 0.00041655 0.00049693 0.00018746 0.00021114 0.00113085 0.00027895 0.00041347 0.00017496 0.00029023 0.00016052 0.00040697 0.00011898 0.00038617 0.00005693 0.00007974 0.00034471 0.00006726 0.00011646 0.00022856 0.00018171 0.00021079 0.00025879 0.00024731 0.00006382 0.00020802 0.00027193 
onnx::Conv_1332 0.00082762 0.00019696 0.00288713 0.00009970 0.00092746 0.00022201 0.00028385 0.00015242 0.00040872 0.00029079 0.00030479 0.00035142 0.00029934 0.00145981 0.00022723 0.00168237 0.00030278 0.00044820 0.00053448 0.00006688 0.00019842 0.00036268 0.00019265 0.00017948 0.00281096 0.00039399 0.00023508 0.00018110 0.00022945 0.00097850 0.00025244 0.00039211 0.00012547 0.00025876 0.00033093 0.00098834 0.00013926 0.00019063 0.00027352 0.00020044 0.00048231 0.00042258 0.00016530 0.00013415 0.00018640 0.00041410 0.00021214 0.00027710 0.00010146 0.00059263 0.00016506 0.00129220 0.00227052 0.00027899 0.00183259 0.00092081 0.00213533 0.00258151 0.00040897 0.00049344 0.00031159 0.00139878 0.00024192 0.00022801 
onnx::Conv_1335 0.00017736 0.00036490 0.00020589 0.00017482 0.00026126 0.00028653 0.00023411 0.00022303 0.00023743 0.00035295 0.00024936 0.00019885 0.00018553 0.00024807 0.00027297 0.00027082 0.00019395 0.00029179 0.00015992 0.00025977 0.00014335 0.00019790 0.00029447 0.00019679 0.00015974 0.00020073 0.00021389 0.00061763 0.00015721 0.00024382 0.00021922 0.00047091 0.00023762 0.00045754 0.00023645 0.00035727 0.00023368 0.00014840 0.00029033 0.00059193 0.00026993 0.00026317 0.00037892 0.00028963 0.00020841 0.00017426 0.00029437 0.00023339 0.00033712 0.00030629 0.00015216 0.00021025 0.00032112 0.00021269 0.00022943 0.00016721 0.00024659 0.00022369 0.00033706 0.00014512 0.00018684 0.00019867 0.00025579 0.00033382 
onnx::Conv_1326 0.00016276 0.00018931 0.00017820 0.00012133 0.00019859 0.00013329 0.00020561 0.00025750 0.00012231 0.00018588 0.00016484 0.00010432 0.00020048 0.00017453 0.00015774 0.00028081 0.00012840 0.00018625 0.00014240 0.00015680 0.00023199 0.00013771 0.00009469 0.00023822 0.00017429 0.00012780 0.00012249 0.00015843 0.00009789 0.00015964 0.00044175 0.00021425 0.00018227 0.00024640 0.00018067 0.00020951 0.00026215 0.00017468 0.00014153 0.00020873 0.00009759 0.00008367 0.00016428 0.00011749 0.00018495 0.00023178 0.00016597 0.00022693 0.00014560 0.00017349 0.00020310 0.00018168 0.00012501 0.00015041 0.00011481 0.00006919 0.00016605 0.00010446 0.00013231 0.00011088 0.00012240 0.00015325 0.00017194 0.00011328 
onnx::Conv_1338 0.00018435 0.00018602 0.00027720 0.00035654 0.00017521 0.00031526 0.00026704 0.00020645 0.00020180 0.00020983 0.00007567 0.00017186 0.00015623 0.00013951 0.00017187 0.00021893 0.00018081 0.00017633 0.00016889 0.00025115 0.00022546 0.00014586 0.00023350 0.00012071 0.00013558 0.00020499 0.00026966 0.00026769 0.00011795 0.00013792 0.00008288 0.00015866 0.00012646 0.00013581 0.00014869 0.00015076 0.00021794 0.00014107 0.00021140 0.00031783 0.00019068 0.00011159 0.00011493 0.00026632 0.00011095 0.00016260 0.00016515 0.00013402 0.00019652 0.00014745 0.00011526 0.00021717 0.00017847 0.00014115 0.00021615 0.00015501 0.00019861 0.00020731 0.00017009 0.00017689 0.00027358 0.00016928 0.00029633 0.00031407 0.00027627 0.00017687 0.00035071 0.00015548 0.00018848 0.00026350 0.00012212 0.00028878 0.00030561 0.00019364 0.00018306 0.00022292 0.00023866 0.00021678 0.00015886 0.00017859 0.00018983 0.00017133 0.00017682 0.00021119 0.00010185 0.00016904 0.00015179 0.00019477 0.00018103 0.00027451 0.00021036 0.00034312 0.00014759 0.00029556 0.00038859 0.00010213 0.00011466 0.00010712 0.00013875 0.00025298 0.00018201 0.00010450 0.00019258 0.00018817 0.00037125 0.00020080 0.00025289 0.00016394 0.00024109 0.00025942 0.00019896 0.00021119 0.00021491 0.00025662 0.00012430 0.00017550 0.00009646 0.00013125 0.00015737 0.00022291 0.00021570 0.00014897 0.00014932 0.00025354 0.00032041 0.00014146 0.00025084 0.00020492 
onnx::Conv_1341 0.00016793 0.00019985 0.00008857 0.00019775 0.00021065 0.00009240 0.00009009 0.00015076 0.00015560 0.00010612 0.00018731 0.00017028 0.00017845 0.00023877 0.00018834 0.00012174 0.00012007 0.00011208 0.00009581 0.00012836 0.00019416 0.00009581 0.00026102 0.00025168 0.00020909 0.00011329 0.00021561 0.00018311 0.00020531 0.00022405 0.00013839 0.00013929 0.00015127 0.00014286 0.00018789 0.00014467 0.00026585 0.00021656 0.00009807 0.00009583 0.00017032 0.00022885 0.00023367 0.00018281 0.00015828 0.00032757 0.00015253 0.00014570 0.00015775 0.00012044 0.00016859 0.00014490 0.00021242 0.00028791 0.00007298 0.00024841 0.00007960 0.00014425 0.00009910 0.00017403 0.00018717 0.00015443 0.00023319 0.00008696 
onnx::Conv_1344 0.00008611 0.00005821 0.00006897 0.00010178 0.00008195 0.00021618 0.00018504 0.00021395 0.00024967 0.00010121 0.00008194 0.00008877 0.00014544 0.00010569 0.00013863 0.00012881 0.00019270 0.00012570 0.00015372 0.00012042 0.00008558 0.00008771 0.00011101 0.00012138 0.00016027 0.00013150 0.00007258 0.00016729 0.00003721 0.00011547 0.00005889 0.00013798 
onnx::Conv_1350 0.00020680 0.00010262 0.00005547 0.00017146 0.00004094 0.00012098 0.00006962 0.00021000 0.00006031 0.00014762 0.00005384 0.00003709 0.00008071 0.00015782 0.00006658 0.00013568 0.00022660 0.00001458 0.00011543 0.00010844 0.00002402 0.00009273 0.00028820 0.00006457 0.00004507 0.00010013 0.00016562 0.00021183 0.00006648 0.00004918 0.00010894 0.00005400 
onnx::Conv_1353 0.00013477 0.00064683 0.00102558 0.00041034 0.00197328 0.00025452 0.00040254 0.00012773 0.00133147 0.00027390 0.00105673 0.00071316 0.00023420 0.00019741 0.00083452 0.00024150 0.00016219 0.00086219 0.00030688 0.00106103 0.00248734 0.00066000 0.00017146 0.00122906 0.00190558 0.00035383 0.00027182 0.00020661 0.00069464 0.00095344 0.00030468 0.00161657 
onnx::Conv_1356 0.00023812 0.00018315 0.00019558 0.00018587 0.00022407 0.00014699 0.00021223 0.00019318 0.00022298 0.00023509 0.00029811 0.00022255 0.00020640 0.00018627 0.00023341 0.00038362 0.00025758 0.00030846 0.00030363 0.00020725 0.00015499 0.00026008 0.00030982 0.00013611 0.00018692 0.00020162 0.00013039 0.00019465 0.00020152 0.00031765 0.00030952 0.00024369 
onnx::Conv_1347 0.00006727 0.00015090 0.00010330 0.00020615 0.00008969 0.00016814 0.00004951 0.00010017 0.00010027 0.00007155 0.00009091 0.00008446 0.00041745 0.00005471 0.00014777 0.00018352 0.00016557 0.00014425 0.00009168 0.00010578 0.00008863 0.00007397 0.00033019 0.00011896 0.00007924 0.00009720 0.00007762 0.00009224 0.00026712 0.00024362 0.00020566 0.00007160 
onnx::Conv_1359 0.00020383 0.00016746 0.00026388 0.00023798 0.00015107 0.00010567 0.00010315 0.00022407 0.00010631 0.00036507 0.00008960 0.00006752 0.00006212 0.00009685 0.00009364 0.00013152 0.00004831 0.00014131 0.00013687 0.00017442 0.00008831 0.00011661 0.00018220 0.00024919 0.00007054 0.00014261 0.00018031 0.00014749 0.00008088 0.00014180 0.00008549 0.00004570 0.00012341 0.00009638 0.00008774 0.00007054 0.00005148 0.00019818 0.00013443 0.00015452 0.00007352 0.00013917 0.00019993 0.00008654 0.00022499 0.00008309 0.00011158 0.00007079 0.00008296 0.00017816 0.00007159 0.00016472 0.00015095 0.00007712 0.00008347 0.00009551 0.00017015 0.00017101 0.00003288 0.00005901 0.00015650 0.00008667 0.00014138 0.00008654 
onnx::Conv_1362 0.00023592 0.00016835 0.00011351 0.00016957 0.00012756 0.00027034 0.00014663 0.00017481 0.00030725 0.00047300 0.00028301 0.00070223 0.00018818 0.00034951 0.00019026 0.00022284 0.00019830 0.00014022 0.00014203 0.00015889 0.00032072 0.00019733 0.00009321 0.00023924 0.00031972 0.00019669 0.00021496 0.00031866 0.00041438 0.00030378 0.00025532 0.00031993 0.00029597 0.00029090 0.00018404 0.00030596 0.00044427 0.00012349 0.00016466 0.00015756 0.00047100 0.00025748 0.00021377 0.00028010 0.00021748 0.00027535 0.00024460 0.00026649 0.00033671 0.00012401 0.00031457 0.00006526 0.00011140 0.00040687 0.00024898 0.00025820 0.00027471 0.00029665 0.00058973 0.00024611 0.00034012 0.00017288 0.00023531 0.00026348 
onnx::Conv_1365 0.00031253 0.00038336 0.00032841 0.00047196 0.00020159 0.00034496 0.00016527 0.00031419 0.00028387 0.00023028 0.00019406 0.00016400 0.00018198 0.00023321 0.00022159 0.00015548 0.00022578 0.00030636 0.00017639 0.00025501 0.00026283 0.00023286 0.00015483 0.00027778 0.00026768 0.00025372 0.00009992 0.00021770 0.00017839 0.00028111 0.00038581 0.00010034 0.00048809 0.00025682 0.00035847 0.00030091 0.00023082 0.00050707 0.00019199 0.00034067 0.00023034 0.00029978 0.00022929 0.00026911 0.00053599 0.00013318 0.00031404 0.00017246 0.00014672 0.00029559 0.00026300 0.00051388 0.00016664 0.00012536 0.00013159 0.00029555 0.00027354 0.00023696 0.00037751 0.00023111 0.00040757 0.00017801 0.00019360 0.00024804 
onnx::Conv_1368 0.00012963 0.00013156 0.00019061 0.00023865 0.00013886 0.00029864 0.00022836 0.00013969 0.00019943 0.00015889 0.00027108 0.00024025 0.00021082 0.00020540 0.00022473 0.00019520 0.00016102 0.00023912 0.00022058 0.00020982 0.00020946 0.00016471 0.00017745 0.00019246 0.00017593 0.00019457 0.00014693 0.00016971 0.00014693 0.00027697 0.00021889 0.00027784 0.00019890 0.00011381 0.00032010 0.00021467 0.00020074 0.00020778 0.00021700 0.00019607 0.00022337 0.00023585 0.00013483 0.00030568 0.00016180 0.00021040 0.00023799 0.00020771 0.00029871 0.00011558 0.00019081 0.00019072 0.00017906 0.00011653 0.00031313 0.00013917 0.00027668 0.00023410 0.00019502 0.00029920 0.00020664 0.00019011 0.00018293 0.00016843 
onnx::Conv_1374 0.00011437 0.00003680 0.00008295 0.00012690 0.00015433 0.00014109 0.00006156 0.00008043 0.00016283 0.00017624 0.00003755 0.00028723 0.00006851 0.00004827 0.00006014 0.00016772 0.00011372 0.00004912 0.00004937 0.00011244 0.00007299 0.00015708 0.00010735 0.00011177 0.00008959 0.00004701 0.00021856 0.00011082 0.00014514 0.00008168 0.00008876 0.00003731 0.00018227 0.00015521 0.00009066 0.00005029 0.00005593 0.00019287 0.00007145 0.00021206 0.00017176 0.00012729 0.00014986 0.00004116 0.00026175 0.00006847 0.00006232 0.00006288 0.00011963 0.00014128 0.00006619 0.00013354 0.00011448 0.00005662 0.00018799 0.00008923 0.00017818 0.00005278 0.00013323 0.00002236 0.00013816 0.00006474 0.00024290 0.00008946 
onnx::Conv_1377 0.00037155 0.00143569 0.00038641 0.00030531 0.00017312 0.00027446 0.00058789 0.00018787 0.00021853 0.00062990 0.00099305 0.00024872 0.00037317 0.00115743 0.00053898 0.00041021 0.00026737 0.00122006 0.00030571 0.00024035 0.00053601 0.00044144 0.00024814 0.00022410 0.00049971 0.00064520 0.00024469 0.00036311 0.00021160 0.00025438 0.00034713 0.00113972 0.00017611 0.00018016 0.00022123 0.00117241 0.00070672 0.00017988 0.00031573 0.00009124 0.00024110 0.00026111 0.00020876 0.00071418 0.00017580 0.00057716 0.00069705 0.00046319 0.00017423 0.00023163 0.00199005 0.00041470 0.00045084 0.00055439 0.00018048 0.00037159 0.00024063 0.00039874 0.00023132 0.00404033 0.00039848 0.00064915 0.00016377 0.00043361 
onnx::Conv_1380 0.00039355 0.00033742 0.00026671 0.00015625 0.00046565 0.00042595 0.00022590 0.00033298 0.00018404 0.00041985 0.00022264 0.00034544 0.00043610 0.00020093 0.00023624 0.00024335 0.00025363 0.00025631 0.00031845 0.00026193 0.00030673 0.00050664 0.00025450 0.00025984 0.00042237 0.00035034 0.00026335 0.00023289 0.00033764 0.00044071 0.00017150 0.00058224 0.00018979 0.00051215 0.00034550 0.00020432 0.00035882 0.00034986 0.00025722 0.00027722 0.00042247 0.00032740 0.00047053 0.00018432 0.00029112 0.00043389 0.00028262 0.00023758 0.00033014 0.00050523 0.00027098 0.00023248 0.00032515 0.00019875 0.00027871 0.00023577 0.00029707 0.00026649 0.00029825 0.00013684 0.00039875 0.00030318 0.00020516 0.00025624 
onnx::Conv_1371 0.00012271 0.00008683 0.00021591 0.00010784 0.00014026 0.00019122 0.00011174 0.00011883 0.00014499 0.00014513 0.00014038 0.00011375 0.00024831 0.00011652 0.00012761 0.00012411 0.00014586 0.00014982 0.00021159 0.00013595 0.00012610 0.00020906 0.00009904 0.00029639 0.00011112 0.00026371 0.00015382 0.00014153 0.00012743 0.00024915 0.00012211 0.00010901 0.00016817 0.00012507 0.00027627 0.00015431 0.00015073 0.00018534 0.00011070 0.00012210 0.00021417 0.00009539 0.00017752 0.00010271 0.00030529 0.00013760 0.00020083 0.00016090 0.00017491 0.00076639 0.00012020 0.00013075 0.00008357 0.00015623 0.00014130 0.00030321 0.00017623 0.00018564 0.00009041 0.00013919 0.00014738 0.00013272 0.00032731 0.00013154 
onnx::Conv_1383 0.00014729 0.00016212 0.00022992 0.00015101 0.00024818 0.00021622 0.00027495 0.00008908 0.00025474 0.00029718 0.00012772 0.00036970 0.00009529 0.00032123 0.00016488 0.00028099 0.00018686 0.00021063 0.00011101 0.00029704 0.00012987 0.00025790 0.00008604 0.00024218 0.00027827 0.00015243 0.00024281 0.00024892 0.00030328 0.00023583 0.00022592 0.00021126 0.00027390 0.00020603 0.00025277 0.00017842 0.00021762 0.00014149 0.00021290 0.00015451 0.00025311 0.00015042 0.00020439 0.00026774 0.00018289 0.00013597 0.00019011 0.00013574 0.00022952 0.00029939 0.00026038 0.00023458 0.00015512 0.00018845 0.00020461 0.00027539 0.00016259 0.00017369 0.00032667 0.00012214 0.00020217 0.00018835 0.00011329 0.00023454 0.00012376 0.00012055 0.00016175 0.00021301 0.00021929 0.00006449 0.00012309 0.00037323 0.00026995 0.00013376 0.00010222 0.00012756 0.00028740 0.00015569 0.00028936 0.00017561 0.00019656 0.00020837 0.00049989 0.00022439 0.00012686 0.00016854 0.00024154 0.00032606 0.00023024 0.00023305 0.00010847 0.00018070 0.00024541 0.00012961 0.00038307 0.00028963 0.00015711 0.00013588 0.00022982 0.00011227 0.00014846 0.00018638 0.00018050 0.00017851 0.00017868 0.00018508 0.00021045 0.00025793 0.00018873 0.00031368 0.00018902 0.00023967 0.00024404 0.00013812 0.00026550 0.00020793 0.00026752 0.00011306 0.00018183 0.00028048 0.00040741 0.00038111 0.00013330 0.00031217 0.00025292 0.00019176 0.00010541 0.00026955 
onnx::Conv_1386 0.00025448 0.00022955 0.00032261 0.00011594 0.00017741 0.00008362 0.00010358 0.00032598 0.00020477 0.00012992 0.00022360 0.00013011 0.00022114 0.00011099 0.00022075 0.00013157 0.00014157 0.00007298 0.00019091 0.00013608 0.00014544 0.00031912 0.00050742 0.00015912 0.00018898 0.00035149 0.00012510 0.00020169 0.00036848 0.00024114 0.00022062 0.00046529 0.00016722 0.00016048 0.00013588 0.00013273 0.00014317 0.00008566 0.00011436 0.00045368 0.00028565 0.00019383 0.00019344 0.00016624 0.00020268 0.00017787 0.00020921 0.00034057 0.00014461 0.00023403 0.00014987 0.00023266 0.00018193 0.00017071 0.00014515 0.00013372 0.00026002 0.00032073 0.00012708 0.00022240 0.00020620 0.00018322 0.00048102 0.00014372 0.00022938 0.00020003 0.00022957 0.00030928 0.00023839 0.00038649 0.00019096 0.00009218 0.00021615 0.00012455 0.00025701 0.00024917 0.00022976 0.00043628 0.00024197 0.00008071 0.00037896 0.00025763 0.00012671 0.00014235 0.00016459 0.00017263 0.00019251 0.00021098 0.00027941 0.00012860 0.00018062 0.00032359 0.00015862 0.00020808 0.00019741 0.00018286 0.00011733 0.00008807 0.00013534 0.00019357 0.00017102 0.00010724 0.00025279 0.00020445 0.00026167 0.00031626 0.00014832 0.00023207 0.00043998 0.00022336 0.00021058 0.00025577 0.00011642 0.00018527 0.00010377 0.00020056 0.00018337 0.00018694 0.00039386 0.00027786 0.00023986 0.00014053 0.00028016 0.00033041 0.00008503 0.00013074 0.00008252 0.00024281 
onnx::Conv_1389 0.00013997 0.00026353 0.00024671 0.00019223 0.00032805 0.00025151 0.00032753 0.00033962 0.00023765 0.00021485 0.00030336 0.00028208 0.00020139 0.00029593 0.00016370 0.00034486 0.00045990 0.00022714 0.00039819 0.00019338 0.00033710 0.00016248 0.00028498 0.00026666 0.00031417 0.00026288 0.00029044 0.00011940 0.00015540 0.00026620 0.00037291 0.00015664 0.00026729 0.00024837 0.00015239 0.00023388 0.00013329 0.00038890 0.00023666 0.00016199 0.00018928 0.00027036 0.00014696 0.00021609 0.00022316 0.00023289 0.00023648 0.00030693 0.00032557 0.00033777 0.00025314 0.00039422 0.00020202 0.00039577 0.00023628 0.00028100 0.00036850 0.00031661 0.00019998 0.00027943 0.00021556 0.00017765 0.00023577 0.00031133 0.00029221 0.00020691 0.00024491 0.00025505 0.00018892 0.00038937 0.00025423 0.00030062 0.00021030 0.00024257 0.00024482 0.00017826 0.00032584 0.00023978 0.00028403 0.00020349 0.00011702 0.00021277 0.00028690 0.00022282 0.00028878 0.00022396 0.00021667 0.00026950 0.00021534 0.00027745 0.00032192 0.00021603 0.00038718 0.00017721 0.00024808 0.00037663 0.00018901 0.00015125 0.00018338 0.00019656 0.00027141 0.00027765 0.00030007 0.00027951 0.00027700 0.00039114 0.00030615 0.00036855 0.00018979 0.00025136 0.00047003 0.00032878 0.00016417 0.00042097 0.00019984 0.00016302 0.00026425 0.00017215 0.00017923 0.00022714 0.00021052 0.00037124 0.00013970 0.00018502 0.00043721 0.00041824 0.00033479 0.00021254 
onnx::Conv_1392 0.00024641 0.00018744 0.00016920 0.00017790 0.00047651 0.00020420 0.00014322 0.00014715 0.00016284 0.00016398 0.00026942 0.00022169 0.00024733 0.00013517 0.00024572 0.00021294 0.00014346 0.00021718 0.00061837 0.00037219 0.00037407 0.00016247 0.00050574 0.00024840 0.00021073 0.00017423 0.00041281 0.00011957 0.00025176 0.00023964 0.00018976 0.00030276 0.00034627 0.00020095 0.00015675 0.00019361 0.00010601 0.00037576 0.00016792 0.00030530 0.00030501 0.00021374 0.00017749 0.00028911 0.00024181 0.00024085 0.00062439 0.00017328 0.00030064 0.00023070 0.00049464 0.00018064 0.00022120 0.00037211 0.00021394 0.00017178 0.00023992 0.00039033 0.00032000 0.00033451 0.00022995 0.00053012 0.00017496 0.00018174 0.00023989 0.00021217 0.00019642 0.00027636 0.00017688 0.00018946 0.00023714 0.00019942 0.00020946 0.00013934 0.00037289 0.00034393 0.00016372 0.00024311 0.00023559 0.00068483 0.00020234 0.00030027 0.00037090 0.00030528 0.00030526 0.00037829 0.00035539 0.00014387 0.00023361 0.00025904 0.00042656 0.00020576 0.00019041 0.00032589 0.00022024 0.00041144 0.00032924 0.00021761 0.00017928 0.00047246 0.00037129 0.00023440 0.00047638 0.00020266 0.00019974 0.00018821 0.00017438 0.00033030 0.00012065 0.00015871 0.00037802 0.00024751 0.00022600 0.00027700 0.00024330 0.00019625 0.00021411 0.00026964 0.00048466 0.00024054 0.00035533 0.00028788 0.00055679 0.00019988 0.00024416 0.00027088 0.00015463 0.00020537 
onnx::Conv_1398 0.00011320 0.00010790 0.00023712 0.00039370 0.00024408 0.00011366 0.00044301 0.00012642 0.00022243 0.00025844 0.00016433 0.00014279 0.00027598 0.00025832 0.00024946 0.00022761 0.00021172 0.00032638 0.00021891 0.00017364 0.00032518 0.00019616 0.00029528 0.00018182 0.00019107 0.00017895 0.00016510 0.00040830 0.00030834 0.00020243 0.00035019 0.00017272 0.00029324 0.00033544 0.00025287 0.00023653 0.00013097 0.00021222 0.00017688 0.00045165 0.00011345 0.00027254 0.00014588 0.00026339 0.00019006 0.00022132 0.00022537 0.00020865 0.00027800 0.00027108 0.00016466 0.00014317 0.00008994 0.00025502 0.00013149 0.00015391 0.00019998 0.00024752 0.00028076 0.00015746 0.00028429 0.00021814 0.00032818 0.00020185 0.00015830 0.00015435 0.00017986 0.00022942 0.00020868 0.00016554 0.00014075 0.00024190 0.00030956 0.00013280 0.00024932 0.00023044 0.00024449 0.00032903 0.00011468 0.00025555 0.00010446 0.00022994 0.00015984 0.00026684 0.00035090 0.00038363 0.00012329 0.00025431 0.00023110 0.00022505 0.00016556 0.00030172 0.00039241 0.00029408 0.00023186 0.00036146 0.00019426 0.00017849 0.00022644 0.00030259 0.00026480 0.00020509 0.00017518 0.00028336 0.00052439 0.00023016 0.00015187 0.00026190 0.00020069 0.00030352 0.00020200 0.00016768 0.00038844 0.00017871 0.00024611 0.00013197 0.00048854 0.00016276 0.00025621 0.00029551 0.00034050 0.00017710 0.00028322 0.00020639 0.00007818 0.00033742 0.00042428 0.00018031 
onnx::Conv_1401 0.00056808 0.00039329 0.00046363 0.00028591 0.00108724 0.00084799 0.00038013 0.00046228 0.00040127 0.00040090 0.00034739 0.00036998 0.00038046 0.00051780 0.00032572 0.00074039 0.00064024 0.00053895 0.00035787 0.00052143 0.00075587 0.00063052 0.00015043 0.00057955 0.00112200 0.00048903 0.00047606 0.00046453 0.00050894 0.00110777 0.00028874 0.00028791 0.00055122 0.00065549 0.00047938 0.00068023 0.00072127 0.00055910 0.00050114 0.00039009 0.00087297 0.00038834 0.00054593 0.00035744 0.00034849 0.00034550 0.00043307 0.00064607 0.00030414 0.00066990 0.00031552 0.00105101 0.00033685 0.00042178 0.00041385 0.00043711 0.00065840 0.00046249 0.00031535 0.00046387 0.00042856 0.00036926 0.00041341 0.00032369 0.00095692 0.00039021 0.00041070 0.00043297 0.00066217 0.00034269 0.00057743 0.00034947 0.00034851 0.00049773 0.00104218 0.00052254 0.00049515 0.00053682 0.00079329 0.00027617 0.00102124 0.00045684 0.00054888 0.00074804 0.00063250 0.00030213 0.00034746 0.00035777 0.00043934 0.00069987 0.00034745 0.00045975 0.00020694 0.00030929 0.00025648 0.00043505 0.00042642 0.00029209 0.00048336 0.00036304 0.00051823 0.00035174 0.00046334 0.00040388 0.00043116 0.00030294 0.00042121 0.00048285 0.00025061 0.00010859 0.00060998 0.00057746 0.00030338 0.00060173 0.00103556 0.00070317 0.00041202 0.00049815 0.00064717 0.00026651 0.00025972 0.00069224 0.00021665 0.00030946 0.00051390 0.00050352 0.00033449 0.00086235 
onnx::Conv_1404 0.00027706 0.00026142 0.00038773 0.00019939 0.00048780 0.00027048 0.00038693 0.00027077 0.00055659 0.00045722 0.00028826 0.00047021 0.00059022 0.00022768 0.00037214 0.00034740 0.00042426 0.00059831 0.00038782 0.00035320 0.00037654 0.00038111 0.00041781 0.00050145 0.00038197 0.00025567 0.00029314 0.00022329 0.00047090 0.00042436 0.00012369 0.00036475 0.00037854 0.00034054 0.00073597 0.00035315 0.00045775 0.00034340 0.00038539 0.00038470 0.00030228 0.00027929 0.00035892 0.00023222 0.00059622 0.00044764 0.00029197 0.00032671 0.00031665 0.00064454 0.00029920 0.00032902 0.00045860 0.00023830 0.00026287 0.00038365 0.00028929 0.00029899 0.00029500 0.00029646 0.00020611 0.00031528 0.00041844 0.00029883 0.00032725 0.00037130 0.00027067 0.00042699 0.00032300 0.00035195 0.00065597 0.00034898 0.00018861 0.00030819 0.00025941 0.00037211 0.00025141 0.00030330 0.00056369 0.00028178 0.00028117 0.00024149 0.00040908 0.00019660 0.00032348 0.00040170 0.00022650 0.00033217 0.00030371 0.00049540 0.00022134 0.00032585 0.00027824 0.00018784 0.00024345 0.00022332 0.00023918 0.00032272 0.00030402 0.00033809 0.00021531 0.00020569 0.00031572 0.00024906 0.00025200 0.00031441 0.00027321 0.00028177 0.00034141 0.00035049 0.00022632 0.00028398 0.00039323 0.00027849 0.00042437 0.00035486 0.00026543 0.00043142 0.00024029 0.00032097 0.00022620 0.00040150 0.00030932 0.00046230 0.00037848 0.00034814 0.00053125 0.00022168 
onnx::Conv_1395 0.00024418 0.00010041 0.00022574 0.00014856 0.00027546 0.00016547 0.00032220 0.00015717 0.00042423 0.00009876 0.00013888 0.00019787 0.00025264 0.00014272 0.00027410 0.00018149 0.00017844 0.00022296 0.00025688 0.00018328 0.00056536 0.00028307 0.00015757 0.00021241 0.00020572 0.00026812 0.00010586 0.00066951 0.00040018 0.00020006 0.00027335 0.00027524 0.00015721 0.00013567 0.00021268 0.00016542 0.00030579 0.00016120 0.00014990 0.00026230 0.00021767 0.00022084 0.00019454 0.00014477 0.00018946 0.00027023 0.00019074 0.00015609 0.00014696 0.00014400 0.00013989 0.00016251 0.00027136 0.00021909 0.00015464 0.00038185 0.00027840 0.00020051 0.00028543 0.00021040 0.00020819 0.00016315 0.00019125 0.00028008 0.00024513 0.00026356 0.00021245 0.00022818 0.00023293 0.00011627 0.00033017 0.00032071 0.00013861 0.00026339 0.00019605 0.00014032 0.00018583 0.00021012 0.00021920 0.00025572 0.00030689 0.00032720 0.00014089 0.00013769 0.00022197 0.00023851 0.00010200 0.00022599 0.00015602 0.00020881 0.00027676 0.00015641 0.00021039 0.00020529 0.00024136 0.00013525 0.00026527 0.00023527 0.00032333 0.00030175 0.00018650 0.00021149 0.00023082 0.00021544 0.00032647 0.00019771 0.00016809 0.00014871 0.00030078 0.00022505 0.00023999 0.00012695 0.00033488 0.00022435 0.00015582 0.00026341 0.00010272 0.00016162 0.00029059 0.00029950 0.00017707 0.00023136 0.00024028 0.00022796 0.00011265 0.00019228 0.00019706 0.00020498 
onnx::Conv_1407 0.00016973 0.00011602 0.00023570 0.00020729 0.00014973 0.00010970 0.00019824 0.00015666 0.00026097 0.00016806 0.00015960 0.00022937 0.00014978 0.00015851 0.00011986 0.00020630 0.00014580 0.00015069 0.00014085 0.00018589 0.00023422 0.00017339 0.00017444 0.00018237 0.00015453 0.00024286 0.00016224 0.00019246 0.00033083 0.00029418 0.00019407 0.00010889 0.00009926 0.00010297 0.00017366 0.00015004 0.00016267 0.00018801 0.00011343 0.00013248 0.00014843 0.00021356 0.00021256 0.00020286 0.00031312 0.00015336 0.00026274 0.00018400 0.00020926 0.00022501 0.00025028 0.00011315 0.00022169 0.00013165 0.00020130 0.00014664 0.00014471 0.00011543 0.00023302 0.00015103 0.00024220 0.00020018 0.00020096 0.00022556 0.00011533 0.00009910 0.00014221 0.00019721 0.00020125 0.00012103 0.00023947 0.00013813 0.00020762 0.00020448 0.00017219 0.00018812 0.00017301 0.00027068 0.00041454 0.00020491 0.00022983 0.00014511 0.00010084 0.00026492 0.00033358 0.00019068 0.00017692 0.00013035 0.00019669 0.00030846 0.00019931 0.00020981 0.00020805 0.00024598 0.00015477 0.00021330 0.00009829 0.00015369 0.00016781 0.00034587 0.00014783 0.00018333 0.00019162 0.00019110 0.00019972 0.00020410 0.00029208 0.00014279 0.00016979 0.00029304 0.00020147 0.00014969 0.00019367 0.00021201 0.00019750 0.00012610 0.00024242 0.00018744 0.00016731 0.00026350 0.00019473 0.00021107 0.00017474 0.00022502 0.00010040 0.00014211 0.00033192 0.00019632 0.00021336 0.00023123 0.00022115 0.00016867 0.00016731 0.00017514 0.00024008 0.00012721 0.00016616 0.00015816 0.00035246 0.00022883 0.00019597 0.00042904 0.00020634 0.00036131 0.00012400 0.00016133 0.00017058 0.00011866 0.00012867 0.00023597 0.00017780 0.00016733 0.00018384 0.00034348 0.00021838 0.00013891 0.00020185 0.00015578 0.00029937 0.00018147 0.00024287 0.00020892 0.00025575 0.00024713 0.00015753 0.00013235 0.00017965 0.00025281 0.00024319 0.00018104 0.00010668 0.00028667 0.00016448 0.00021305 0.00025673 0.00013928 0.00021080 0.00010196 0.00015798 0.00014362 0.00034579 0.00020143 0.00016486 0.00015342 0.00016641 0.00010890 0.00011141 0.00017439 0.00021042 0.00020718 0.00013729 0.00019343 0.00024098 0.00018856 0.00022871 0.00019835 0.00026212 0.00024945 0.00022788 0.00013408 0.00017341 0.00025660 0.00031981 0.00015522 0.00011290 0.00025612 0.00017719 0.00026563 0.00053465 0.00023081 0.00017506 0.00018533 0.00021969 0.00014194 0.00012019 0.00025082 0.00022029 0.00012520 0.00019776 0.00015964 0.00015455 0.00030795 0.00028755 0.00029576 0.00019784 0.00026076 0.00014326 0.00010876 0.00019470 0.00016971 0.00008513 0.00028189 0.00032123 0.00031889 0.00025853 0.00025625 0.00011604 0.00016888 0.00024809 0.00017569 0.00024237 0.00015245 0.00017524 0.00021640 0.00026122 0.00019569 0.00015235 0.00018584 0.00015922 0.00020171 0.00028657 0.00012800 0.00033014 0.00014111 0.00017424 0.00026813 
onnx::Conv_1464 0.00007897 0.00007785 0.00007309 0.00008437 0.00014026 0.00015395 0.00013974 0.00026589 0.00012402 0.00012081 0.00004019 0.00008396 0.00004154 0.00002302 0.00019413 0.00006455 0.00019038 0.00014648 0.00008752 0.00012608 0.00016605 0.00004751 0.00019332 0.00011442 0.00013692 0.00011311 0.00008963 0.00008073 0.00008591 0.00005170 0.00013805 0.00009186 0.00012643 0.00015247 0.00018208 0.00007223 0.00003725 0.00025047 0.00007554 0.00013332 0.00033408 0.00007229 0.00010606 0.00015775 0.00017753 0.00006317 0.00010718 0.00007125 0.00011285 0.00014956 0.00006346 0.00009040 0.00012702 0.00007667 0.00017498 0.00009368 0.00004688 0.00012258 0.00010020 0.00016089 0.00015913 0.00016956 0.00016276 0.00010514 
onnx::Conv_1437 0.00010733 0.00009399 0.00003583 0.00018588 0.00005882 0.00005526 0.00002500 0.00014482 0.00003174 0.00007627 0.00004996 0.00008334 0.00011766 0.00005077 0.00007808 0.00003835 0.00020843 0.00013491 0.00016494 0.00003638 0.00012855 0.00010221 0.00004436 0.00007958 0.00004785 0.00020089 0.00013260 0.00005302 0.00017772 0.00013154 0.00006787 0.00002478 0.00008653 0.00002512 0.00016666 0.00002803 0.00006787 0.00014458 0.00016792 0.00001479 0.00007952 0.00013733 0.00003477 0.00008099 0.00003401 0.00010129 0.00009199 0.00001971 0.00014428 0.00009039 0.00008051 0.00016219 0.00015742 0.00005530 0.00011502 0.00017091 0.00014518 0.00019806 0.00005913 0.00013003 0.00016772 0.00007245 0.00013279 0.00005738 
onnx::Conv_1410 0.00015723 0.00036801 0.00021118 0.00015209 0.00004297 0.00014650 0.00022274 0.00020438 0.00019049 0.00020703 0.00017600 0.00010698 0.00008287 0.00024088 0.00007261 0.00019019 0.00022113 0.00029534 0.00013260 0.00006618 0.00016903 0.00009835 0.00047745 0.00026975 0.00027897 0.00036141 0.00015746 0.00014554 0.00011010 0.00027187 0.00013294 0.00024438 0.00025338 0.00016624 0.00017155 0.00013804 0.00036938 0.00011986 0.00015841 0.00016971 0.00006562 0.00012628 0.00015056 0.00029487 0.00006633 0.00012909 0.00004735 0.00020367 0.00010350 0.00014178 0.00011995 0.00021447 0.00007518 0.00016636 0.00018861 0.00028774 0.00003246 0.00024079 0.00011053 0.00033925 0.00009565 0.00043680 0.00010070 0.00019127 
onnx::Conv_1467 0.00007171 0.00017422 0.00010671 0.00007330 0.00013637 0.00006201 0.00006634 0.00005100 0.00010615 0.00014907 0.00020447 0.00005028 0.00021811 0.00014425 0.00003099 0.00014522 0.00019593 0.00008609 0.00007699 0.00015635 0.00016595 0.00016032 0.00005515 0.00007183 0.00007732 0.00011523 0.00005461 0.00011433 0.00013516 0.00018522 0.00005485 0.00008286 0.00010727 0.00009155 0.00007662 0.00021921 0.00018854 0.00011297 0.00011008 0.00009368 0.00004805 0.00026537 0.00015553 0.00004041 0.00004686 0.00019526 0.00008989 0.00015976 0.00010059 0.00006169 0.00010248 0.00014239 0.00003635 0.00009618 0.00008887 0.00062540 0.00010682 0.00017048 0.00012164 0.00007917 0.00005399 0.00014918 0.00011404 0.00010323 
onnx::Conv_1479 0.00013525 0.00011175 0.00020122 0.00009755 0.00018424 0.00013051 0.00022485 0.00018256 0.00017634 0.00037703 0.00097418 0.00017276 0.00073003 0.00076388 0.00013577 0.00024750 0.00022448 0.00013226 0.00006569 0.00017297 0.00016375 0.00046298 0.00015324 0.00008249 0.00027315 0.00025388 0.00006468 0.00010739 0.00011653 0.00041320 0.00020716 0.00021290 0.00024003 0.00005920 0.00006665 0.00032084 0.00139596 0.00008239 0.00037271 0.00015180 0.00030308 0.00030853 0.00032713 0.00012617 0.00010981 0.00026385 0.00014692 0.00016301 0.00019576 0.00025937 0.00037652 0.00018664 0.00011686 0.00046857 0.00033874 0.00075997 0.00083126 0.00025348 0.00031911 0.00010955 0.00005884 0.00024039 0.00023051 0.00032862 
onnx::Conv_1440 0.00018421 0.00034004 0.00055395 0.00020922 0.00056737 0.00025255 0.00146086 0.00027897 0.00064183 0.00018124 0.00015068 0.00015297 0.00011103 0.00026281 0.00019524 0.00035509 0.00011930 0.00023687 0.00017064 0.00050690 0.00061031 0.00009763 0.00059797 0.00015030 0.00024959 0.00011409 0.00011225 0.00033454 0.00008149 0.00008840 0.00045661 0.00067486 0.00023264 0.00049852 0.00026768 0.00171927 0.00044138 0.00013895 0.00032504 0.00132536 0.00023511 0.00021552 0.00026442 0.00024349 0.00040497 0.00008362 0.00033778 0.00040284 0.00014556 0.00055115 0.00028321 0.00018401 0.00044304 0.00020491 0.00018112 0.00014981 0.00018135 0.00010999 0.00022113 0.00007756 0.00021774 0.00030269 0.00020732 0.00026417 
onnx::Conv_1452 0.00052482 0.00114933 0.00151288 0.00019030 0.00117730 0.00043380 0.00311245 0.00032735 0.00239710 0.00062449 0.00069693 0.00118406 0.00050776 0.00081830 0.00038127 0.00106499 0.00041468 0.00038697 0.00055349 0.00172518 0.00105684 0.00054845 0.00051535 0.00045381 0.00083017 0.00023617 0.00048054 0.00130360 0.00049618 0.00036673 0.00087773 0.00274879 0.00063924 0.00079037 0.00040276 0.00232275 0.00042872 0.00057681 0.00069195 0.00423534 0.00092287 0.00031131 0.00076457 0.00053975 0.00094997 0.00017021 0.00045786 0.00279933 0.00033486 0.00052607 0.00050694 0.00026013 0.00076820 0.00064526 0.00028659 0.00038805 0.00031611 0.00026740 0.00109088 0.00045796 0.00047612 0.00098354 0.00048566 0.00050376 
onnx::Conv_1413 0.00086175 0.00022466 0.00051253 0.00049095 0.00097130 0.00020553 0.00027674 0.00025278 0.00014629 0.00012656 0.00033265 0.00022390 0.00082167 0.00020612 0.00074241 0.00032331 0.00027657 0.00018584 0.00034165 0.00050883 0.00064829 0.00041148 0.00028061 0.00019659 0.00011002 0.00019553 0.00011813 0.00078302 0.00081337 0.00012348 0.00040103 0.00013183 0.00017513 0.00011734 0.00013503 0.00029532 0.00039388 0.00067140 0.00025661 0.00044629 0.00039871 0.00017133 0.00050753 0.00011758 0.00022786 0.00030437 0.00059500 0.00027210 0.00010065 0.00016534 0.00060045 0.00022598 0.00091305 0.00031905 0.00022738 0.00008095 0.00052844 0.00022863 0.00017182 0.00039353 0.00023727 0.00020463 0.00014420 0.00020026 
onnx::Conv_1425 0.00053913 0.00032275 0.00046375 0.00069078 0.00145165 0.00053331 0.00034034 0.00058422 0.00036994 0.00037700 0.00038097 0.00036802 0.00090373 0.00060433 0.00101003 0.00047669 0.00068703 0.00032268 0.00086704 0.00070116 0.00082808 0.00057780 0.00030809 0.00030481 0.00034338 0.00054848 0.00034774 0.00134587 0.00118995 0.00023875 0.00058125 0.00032966 0.00067427 0.00043879 0.00063046 0.00044405 0.00038247 0.00110596 0.00086363 0.00069532 0.00093451 0.00038239 0.00072146 0.00025906 0.00202577 0.00025323 0.00071192 0.00084215 0.00071081 0.00053152 0.00058558 0.00087591 0.00107716 0.00056343 0.00101347 0.00023475 0.00068940 0.00029360 0.00081963 0.00219355 0.00076042 0.00020207 0.00031923 0.00095343 
onnx::Conv_1470 0.00028949 0.00017420 0.00014830 0.00031214 0.00012465 0.00011711 0.00027441 0.00016416 0.00015145 0.00025670 0.00013420 0.00018510 0.00020351 0.00022528 0.00011556 0.00022313 0.00025978 0.00022220 0.00027873 0.00017403 0.00026518 0.00039246 0.00015941 0.00020750 0.00041400 0.00024717 0.00032527 0.00023714 0.00023752 0.00031351 0.00029639 0.00028875 0.00023148 0.00025251 0.00014736 0.00010737 0.00017456 0.00029435 0.00023893 0.00022242 0.00022673 0.00014904 0.00024803 0.00025771 0.00032541 0.00005045 0.00015629 0.00017386 0.00015559 0.00021723 0.00050344 0.00016496 0.00021892 0.00023052 0.00036713 0.00016355 0.00031209 0.00024183 0.00014451 0.00026163 0.00017157 0.00024860 0.00025122 0.00023896 
onnx::Conv_1482 0.00061650 0.00040724 0.00030203 0.00029921 0.00068200 0.00024006 0.00028980 0.00044745 0.00039284 0.00014032 0.00014871 0.00021257 0.00048988 0.00037506 0.00031012 0.00020765 0.00038322 0.00012533 0.00050108 0.00025718 0.00032642 0.00041490 0.00035120 0.00049973 0.00042170 0.00036023 0.00038392 0.00034456 0.00082215 0.00016045 0.00030016 0.00049425 0.00020236 0.00041721 0.00034634 0.00031428 0.00021141 0.00028011 0.00022951 0.00038616 0.00058147 0.00060151 0.00015205 0.00013777 0.00033039 0.00016549 0.00058137 0.00014104 0.00007484 0.00036660 0.00076152 0.00034675 0.00014268 0.00047100 0.00026816 0.00070793 0.00050610 0.00040845 0.00046131 0.00051673 0.00037820 0.00041821 0.00043757 0.00036945 
onnx::Conv_1443 0.00012741 0.00042548 0.00022220 0.00013657 0.00007845 0.00023295 0.00024552 0.00038894 0.00008623 0.00016767 0.00027041 0.00010657 0.00020860 0.00018600 0.00015457 0.00024635 0.00020173 0.00024905 0.00017061 0.00015620 0.00028402 0.00015488 0.00043390 0.00014412 0.00015211 0.00019186 0.00023693 0.00020507 0.00018297 0.00022768 0.00023460 0.00033229 0.00017273 0.00052523 0.00014899 0.00015310 0.00032843 0.00020668 0.00012225 0.00013451 0.00028315 0.00024957 0.00012997 0.00034928 0.00014855 0.00013242 0.00020064 0.00021078 0.00037087 0.00040692 0.00030611 0.00025168 0.00026337 0.00017333 0.00017619 0.00021588 0.00027020 0.00027028 0.00014420 0.00017160 0.00014711 0.00030843 0.00013318 0.00041135 
onnx::Conv_1455 0.00004398 0.00015654 0.00041956 0.00043391 0.00013033 0.00002206 0.00036876 0.00009240 0.00021889 0.00040502 0.00033094 0.00013134 0.00019880 0.00016926 0.00040716 0.00021348 0.00020300 0.00027789 0.00014192 0.00018314 0.00006693 0.00055331 0.00061150 0.00025079 0.00054161 0.00022075 0.00024966 0.00037269 0.00021156 0.00060547 0.00004697 0.00032418 0.00010602 0.00034168 0.00013827 0.00086274 0.00011593 0.00006082 0.00036716 0.00043396 0.00060165 0.00018157 0.00028585 0.00006627 0.00016842 0.00001936 0.00017660 0.00002227 0.00019614 0.00020200 0.00017736 0.00026027 0.00026198 0.00011599 0.00024223 0.00011171 0.00017991 0.00018347 0.00039218 0.00039576 0.00025692 0.00003751 0.00032122 0.00023179 
onnx::Conv_1416 0.00058438 0.00012247 0.00056823 0.00033459 0.00022123 0.00027812 0.00035721 0.00018636 0.00037383 0.00030188 0.00032736 0.00052553 0.00050599 0.00148174 0.00021136 0.00026422 0.00026994 0.00032814 0.00045221 0.00011663 0.00054661 0.00071158 0.00028509 0.00016631 0.00062472 0.00031596 0.00076261 0.00041482 0.00037830 0.00047502 0.00032882 0.00039632 0.00018005 0.00040004 0.00020495 0.00041480 0.00029865 0.00030914 0.00054149 0.00042076 0.00025518 0.00025381 0.00041760 0.00026420 0.00011638 0.00041391 0.00031550 0.00034034 0.00027974 0.00026720 0.00084431 0.00040575 0.00029306 0.00038676 0.00036523 0.00021154 0.00037341 0.00029135 0.00023357 0.00034222 0.00035370 0.00048758 0.00064724 0.00040162 
onnx::Conv_1428 0.00004634 0.00020682 0.00007167 0.00058398 0.00009370 0.00022964 0.00021378 0.00091247 0.00034044 0.00011790 0.00020784 0.00024793 0.00030483 0.00029081 0.00023414 0.00043104 0.00041481 0.00006473 0.00049312 0.00023711 0.00026115 0.00031523 0.00010329 0.00072792 0.00038472 0.00039719 0.00010889 0.00070998 0.00051228 0.00016720 0.00006890 0.00023514 0.00030705 0.00002507 0.00025913 0.00009168 0.00011595 0.00013505 0.00069340 0.00030731 0.00032803 0.00013889 0.00005326 0.00098748 0.00033342 0.00082001 0.00020522 0.00085123 0.00022569 0.00023922 0.00037136 0.00036215 0.00020431 0.00150404 0.00010774 0.00027714 0.00080749 0.00005557 0.00013958 0.00079684 0.00072221 0.00028105 0.00019539 0.00023251 
onnx::Conv_1473 0.00010922 0.00011166 0.00009848 0.00005838 0.00008843 0.00009238 0.00012524 0.00009059 0.00009869 0.00033646 0.00015863 0.00008791 0.00028987 0.00014909 0.00021475 0.00006409 0.00010696 0.00010468 0.00010748 0.00010326 0.00008871 0.00017357 0.00031374 0.00012662 0.00081903 0.00116690 0.00018338 0.00007620 0.00007730 0.00008407 0.00009406 0.00010129 0.00010600 0.00008301 0.00023471 0.00005719 0.00023866 0.00005512 0.00053439 0.00008157 0.00010586 0.00009153 0.00020566 0.00007583 0.00013467 0.00054478 0.00009054 0.00015100 0.00012133 0.00026892 0.00012995 0.00019211 0.00011793 0.00025430 0.00010272 0.00008317 0.00010636 0.00008230 0.00044379 0.00009976 0.00014540 0.00027429 0.00009184 0.00012284 
onnx::Conv_1485 0.00015645 0.00040168 0.00023180 0.00135030 0.00018258 0.00140112 0.00075815 0.00051829 0.00028343 0.00172676 0.00076043 0.00138705 0.00095184 0.00035956 0.00031826 0.00141981 0.00068904 0.00071509 0.00025348 0.00273791 0.00029091 0.00018617 0.00016266 0.00022127 0.00045643 0.00027818 0.00039626 0.00067723 0.00082569 0.00029964 0.00180804 0.00022367 0.00203252 0.00060328 0.00017552 0.00032921 0.00046351 0.00043642 0.00154830 0.00014227 0.00019336 0.00204136 0.00089480 0.00096123 0.00027178 0.00031584 0.00028852 0.00078664 0.00121332 0.00032461 0.00051716 0.00031074 0.00098912 0.00117751 0.00048006 0.00015096 0.00017746 0.00103072 0.00029900 0.00026793 0.00012490 0.00038547 0.00013642 0.00111830 
onnx::Conv_1446 0.00103120 0.00032200 0.00019373 0.00037176 0.00028538 0.00041687 0.00021687 0.00024577 0.00011985 0.00024222 0.00043477 0.00024511 0.00024146 0.00032340 0.00027639 0.00165815 0.00027112 0.00022219 0.00034019 0.00044981 0.00015817 0.00035030 0.00017550 0.00012586 0.00022413 0.00020392 0.00030714 0.00047888 0.00041911 0.00013054 0.00028203 0.00026695 0.00017946 0.00093243 0.00016475 0.00035846 0.00044850 0.00008778 0.00016001 0.00033874 0.00159321 0.00020386 0.00019620 0.00046713 0.00045135 0.00018748 0.00037946 0.00034882 0.00219691 0.00024880 0.00018839 0.00016374 0.00046191 0.00011363 0.00021891 0.00031392 0.00010772 0.00016410 0.00042184 0.00072647 0.00028896 0.00023318 0.00054781 0.00011267 
onnx::Conv_1458 0.00133746 0.00142744 0.00020022 0.00035570 0.00051651 0.00308765 0.00030172 0.00229930 0.00060565 0.00063521 0.00024388 0.00122369 0.00088326 0.00041814 0.00017001 0.00084134 0.00037560 0.00082859 0.00054687 0.00122652 0.00130214 0.00034389 0.00095506 0.00073977 0.00015384 0.00060052 0.00055483 0.00019118 0.00017031 0.00012416 0.00044878 0.00021345 0.00083475 0.00108489 0.00183116 0.00053735 0.00191276 0.00110391 0.00133237 0.00016991 0.00019590 0.00161759 0.00018644 0.00090716 0.00010939 0.00572310 0.00018747 0.00541672 0.00164281 0.00087568 0.00208340 0.00069821 0.00037232 0.00126375 0.00035554 0.00106925 0.00026414 0.00022912 0.00037876 0.00111210 0.00031471 0.00310329 0.00110929 0.00390564 
onnx::Conv_1419 0.00016848 0.00294750 0.00022870 0.00055188 0.00026723 0.00026310 0.00019010 0.00164287 0.00147096 0.00046460 0.00064654 0.00130024 0.00098187 0.00009550 0.00098272 0.00075378 0.00028385 0.00028090 0.00034665 0.00030076 0.00037477 0.00014007 0.00078259 0.00086008 0.00061146 0.00042602 0.00017828 0.00031565 0.00019166 0.00026708 0.00066527 0.00017092 0.00043735 0.00011723 0.00071355 0.00019901 0.00009352 0.00028288 0.00027033 0.00022889 0.00011967 0.00020323 0.00023548 0.00027529 0.00043432 0.00062778 0.00047421 0.00016603 0.00015554 0.00018786 0.00016673 0.00038782 0.00026207 0.00030537 0.00029046 0.00042997 0.00066380 0.00022566 0.00019875 0.00024146 0.00043316 0.00021636 0.00028728 0.00034807 
onnx::Conv_1431 0.00944224 0.00220489 0.00424003 0.00104632 0.00395307 0.00186071 0.00369792 0.00080425 0.00062237 0.00186013 0.00656229 0.00073139 0.00263808 0.00093823 0.00130840 0.00065009 0.00077460 0.00359721 0.00065961 0.00435643 0.00337773 0.00075826 0.00783440 0.00055493 0.00071337 0.00062359 0.00294425 0.00026451 0.00097037 0.00405982 0.00575850 0.00445793 0.00143751 0.02034868 0.00150388 0.00442999 0.00630478 0.00101879 0.00083513 0.00277960 0.00190926 0.00184577 0.00534738 0.00251022 0.00152442 0.00057156 0.00111790 0.00040886 0.00251262 0.00082946 0.00612582 0.00103749 0.00157892 0.00159722 0.00213938 0.00061711 0.00051272 0.00438944 0.00428269 0.00149924 0.00101458 0.00111372 0.00728790 0.00479339 
onnx::Conv_1476 0.00043606 0.00144772 0.00034972 0.00034374 0.00038624 0.00112437 0.00029408 0.00049788 0.00055367 0.00058192 0.00049879 0.00086031 0.00054979 0.00074264 0.00048095 0.00033963 0.00043649 0.00028825 0.00033615 0.00047851 0.00031638 0.00032450 0.00045440 0.00032296 0.00032138 0.00049444 0.00062518 0.00047851 0.00049796 0.00044134 0.00054081 0.00069128 0.00018283 0.00059354 0.00023108 0.00033440 0.00092475 0.00059438 0.00037804 0.00049398 0.00030263 0.00022779 0.00062698 0.00069653 0.00063413 0.00048130 0.00029560 0.00103914 0.00045581 0.00025759 0.00089908 0.00042712 0.00046556 0.00045320 0.00053535 0.00074655 0.00051396 0.00093596 0.00035929 0.00030263 0.00048664 0.00040512 0.00038190 0.00048241 
onnx::Conv_1488 0.00027526 0.00014547 0.00013745 0.00024763 0.00041880 0.00037581 0.00047856 0.00027020 0.00043144 0.00010148 0.00022800 0.00064286 0.00101309 0.00021697 0.00015325 0.00008169 0.00006795 0.00042720 0.00029762 0.00036734 0.00016769 0.00008102 0.00014619 0.00013663 0.00033176 0.00015902 0.00062792 0.00042474 0.00086354 0.00019308 0.00023112 0.00026967 0.00048306 0.00040736 0.00008753 0.00026789 0.00033918 0.00019796 0.00095464 0.00015789 0.00095751 0.00043558 0.00034994 0.00033443 0.00004153 0.00007502 0.00020761 0.00008982 0.00038550 0.00008056 0.00012364 0.00013230 0.00026385 0.00022867 0.00070859 0.00011969 0.00010321 0.00029720 0.00017815 0.00008984 0.00008219 0.00091675 0.00024968 0.00030715 
onnx::Conv_1449 0.00058766 0.00047470 0.00042609 0.00015465 0.00052334 0.00033987 0.00048990 0.00064941 0.00072734 0.00061194 0.00052017 0.00090710 0.00089844 0.00087224 0.00034298 0.00030423 0.00038377 0.00063280 0.00035874 0.00029126 0.00037578 0.00047221 0.00035734 0.00085379 0.00091251 0.00068936 0.00051712 0.00049849 0.00056999 0.00056282 0.00031574 0.00030377 0.00078732 0.00096114 0.00064729 0.00106763 0.00054352 0.00052558 0.00044080 0.00044903 0.00076175 0.00039715 0.00061606 0.00088193 0.00045752 0.00029570 0.00050980 0.00036461 0.00061326 0.00039512 0.00090495 0.00045118 0.00092572 0.00072349 0.00052229 0.00060562 0.00059433 0.00044990 0.00052520 0.00052596 0.00066333 0.00092588 0.00046556 0.00028752 
onnx::Conv_1461 0.00022027 0.00113681 0.00184600 0.00045427 0.00042432 0.00167430 0.00021755 0.00023555 0.00039630 0.00077781 0.00128825 0.00163151 0.00022933 0.00015714 0.00070093 0.00066368 0.00208626 0.00259645 0.00030606 0.00092273 0.00044742 0.00036673 0.00031511 0.00032496 0.00024563 0.00045118 0.00024653 0.00020331 0.00026293 0.00086327 0.00081888 0.00021911 0.00090636 0.00025973 0.00128657 0.00050484 0.00032249 0.00217284 0.00293891 0.00126351 0.00114705 0.00282234 0.00081974 0.00053132 0.00041461 0.00185098 0.00021581 0.00102972 0.00084696 0.00197640 0.00018141 0.00211644 0.00548235 0.00078061 0.00155256 0.00047529 0.00046163 0.00139325 0.00020176 0.00021247 0.00195186 0.00145477 0.00025057 0.00047904 
onnx::Conv_1422 0.00123303 0.00048864 0.00081119 0.00197989 0.00085267 0.00092688 0.00093508 0.00056413 0.00090620 0.00082012 0.00107427 0.00049418 0.00129068 0.00120814 0.00054842 0.00148141 0.00130974 0.00077163 0.00092860 0.00073366 0.00080132 0.00060964 0.00104004 0.00064065 0.00075206 0.00059181 0.00046596 0.00083797 0.00146754 0.00099642 0.00104095 0.00151413 0.00064932 0.00090133 0.00074235 0.00081908 0.00089019 0.00115331 0.00080523 0.00051320 0.00054948 0.00098702 0.00116217 0.00091668 0.00080290 0.00073548 0.00108178 0.00045508 0.00085371 0.00123426 0.00095135 0.00094824 0.00102194 0.00073315 0.00073206 0.00122487 0.00079839 0.00091187 0.00106788 0.00083279 0.00130598 0.00095295 0.00109395 0.00084773 
onnx::Conv_1434 0.00131125 0.00022080 0.00057427 0.00118680 0.00045204 0.00053706 0.00184529 0.00103810 0.00103849 0.00018193 0.00117436 0.00043425 0.00125298 0.00164607 0.00096107 0.00016582 0.00069123 0.00057212 0.00149189 0.00564496 0.00012570 0.00223874 0.00214223 0.00110350 0.00084722 0.00023756 0.00082761 0.00029447 0.00043687 0.00018796 0.00032131 0.00024121 0.00062074 0.00153667 0.00055346 0.00051731 0.00164875 0.00011337 0.00029564 0.00015540 0.00018803 0.00032269 0.00029048 0.00183880 0.00068353 0.00098891 0.00056480 0.00068562 0.00055924 0.00052433 0.00094012 0.00046423 0.00103667 0.00021825 0.00023965 0.00127246 0.00082610 0.00214612 0.00069915 0.00021497 0.00039773 0.00067048 0.00050304 0.00031453 
head.cls_preds.2.bias 0.00009863 0.00011912 0.00010219 0.00009608 0.00010007 0.00009452 0.00009968 0.00009351 0.00009444 0.00010543 0.00010964 0.00010480 0.00009903 0.00009854 0.00009464 0.00009555 
head.obj_preds.2.bias 0.00022907 
head.cls_preds.1.bias 0.00015063 0.00016456 0.00015774 0.00012333 0.00013750 0.00016659 0.00014523 0.00013538 0.00018687 0.00019528 0.00017351 0.00014668 0.00014521 0.00014550 0.00018723 0.00015366 
head.obj_preds.1.bias 0.00191225 
head.cls_preds.0.bias 0.00020963 0.00022761 0.00023475 0.00022920 0.00024590 0.00022673 0.00021774 0.00022238 0.00020933 0.00022328 0.00021316 0.00025187 0.00023566 0.00021394 0.00021993 0.00020252 
head.obj_preds.0.bias 0.00319838 
head.reg_preds.2.bias 0.00011136 0.00008745 0.00016872 0.00016798 
head.reg_preds.1.bias 0.00130698 0.00088273 0.00100820 0.00097865 
head.reg_preds.0.bias 0.00197338 0.00178511 0.00163721 0.00164653 
